2,2,939,137,19,163,1,-1,-1,-1
2,3,620,239,38,135,1,-1,-1,-1
2,4,6,77,57,462,1,-1,-1,-1
2,5,841,133,93,305,1,-1,-1,-1
3,2,938,135,19,166,1,-1,-1,-1
3,3,619,239,39,135,1,-1,-1,-1
3,4,3,18,64,521,1,-1,-1,-1
3,5,841,132,94,306,1,-1,-1,-1
4,2,938,132,20,170,1,-1,-1,-1
4,3,618,238,40,136,1,-1,-1,-1
4,4,4,-1,67,541,1,-1,-1,-1
4,5,842,137,92,302,1,-1,-1,-1
5,2,938,129,21,175,1,-1,-1,-1
5,3,619,237,40,137,1,-1,-1,-1
5,4,7,-6,68,546,1,-1,-1,-1
5,5,842,140,92,302,1,-1,-1,-1
6,2,937,128,21,178,1,-1,-1,-1
6,3,628,247,37,128,1,-1,-1,-1
6,4,9,-6,70,546,1,-1,-1,-1
6,5,841,139,92,304,1,-1,-1,-1
7,2,937,131,21,177,1,-1,-1,-1
7,3,630,240,40,135,1,-1,-1,-1
7,4,8,-7,71,547,1,-1,-1,-1
7,5,840,140,92,305,1,-1,-1,-1
8,2,937,132,21,177,1,-1,-1,-1
8,3,635,252,36,123,1,-1,-1,-1
8,4,9,-6,72,546,1,-1,-1,-1
8,5,839,141,91,305,1,-1,-1,-1
9,2,937,134,22,179,1,-1,-1,-1
9,3,636,262,33,114,1,-1,-1,-1
9,4,9,-4,74,544,1,-1,-1,-1
9,5,839,145,90,303,1,-1,-1,-1
10,2,936,135,22,183,1,-1,-1,-1
10,3,637,265,32,112,1,-1,-1,-1
10,4,10,0,75,540,1,-1,-1,-1
10,5,839,148,89,301,1,-1,-1,-1
11,2,935,133,23,191,1,-1,-1,-1
11,3,638,265,32,111,1,-1,-1,-1
11,4,9,1,76,538,1,-1,-1,-1
11,5,838,147,89,303,1,-1,-1,-1
12,2,934,131,25,202,1,-1,-1,-1
12,3,638,266,31,109,1,-1,-1,-1
12,4,8,-1,78,541,1,-1,-1,-1
12,5,836,138,92,312,1,-1,-1,-1
13,2,934,134,26,215,1,-1,-1,-1
13,3,639,267,30,109,1,-1,-1,-1
13,4,7,-2,79,542,1,-1,-1,-1
13,5,835,134,92,315,1,-1,-1,-1
14,2,932,133,28,238,1,-1,-1,-1
14,3,640,267,30,109,1,-1,-1,-1
14,4,7,-2,81,542,1,-1,-1,-1
14,5,834,132,92,317,1,-1,-1,-1
14,6,658,211,39,163,1,-1,-1,-1
15,2,931,131,29,248,1,-1,-1,-1
15,3,642,267,30,109,1,-1,-1,-1
15,4,7,-2,82,542,1,-1,-1,-1
15,5,833,130,92,319,1,-1,-1,-1
15,6,659,210,39,164,1,-1,-1,-1
16,2,930,128,30,259,1,-1,-1,-1
16,3,643,265,30,111,1,-1,-1,-1
16,4,7,-2,84,542,1,-1,-1,-1
16,5,833,128,93,321,1,-1,-1,-1
16,6,659,211,39,163,1,-1,-1,-1
17,2,929,125,33,293,1,-1,-1,-1
17,3,644,266,29,110,1,-1,-1,-1
17,4,9,-2,86,542,1,-1,-1,-1
17,5,829,125,94,326,1,-1,-1,-1
17,6,660,210,39,164,1,-1,-1,-1
18,2,928,131,34,302,1,-1,-1,-1
18,3,644,267,29,109,1,-1,-1,-1
18,4,10,-1,88,541,1,-1,-1,-1
18,5,826,125,94,328,1,-1,-1,-1
18,6,661,211,38,162,1,-1,-1,-1
19,2,928,132,34,315,1,-1,-1,-1
19,3,645,266,29,110,1,-1,-1,-1
19,4,12,0,90,539,1,-1,-1,-1
19,5,824,125,94,330,1,-1,-1,-1
19,6,661,211,38,162,1,-1,-1,-1
20,2,926,140,34,312,1,-1,-1,-1
20,3,646,267,29,109,1,-1,-1,-1
20,4,14,2,93,537,1,-1,-1,-1
20,5,821,130,93,328,1,-1,-1,-1
21,2,926,129,36,335,1,-1,-1,-1
21,3,648,270,28,106,1,-1,-1,-1
21,4,15,9,95,530,1,-1,-1,-1
21,5,821,136,92,323,1,-1,-1,-1
22,2,925,124,37,346,1,-1,-1,-1
22,3,648,269,29,107,1,-1,-1,-1
22,4,16,10,99,529,1,-1,-1,-1
22,5,820,133,93,328,1,-1,-1,-1
22,9,142,217,62,200,1,-1,-1,-1
23,2,923,121,37,349,1,-1,-1,-1
23,3,649,269,29,109,1,-1,-1,-1
23,4,18,10,103,529,1,-1,-1,-1
23,5,818,131,94,331,1,-1,-1,-1
23,9,144,216,62,201,1,-1,-1,-1
24,2,922,114,38,357,1,-1,-1,-1
24,3,651,268,29,109,1,-1,-1,-1
24,4,22,7,108,532,1,-1,-1,-1
24,5,815,128,94,336,1,-1,-1,-1
24,6,661,218,38,159,1,-1,-1,-1
24,9,148,216,60,195,1,-1,-1,-1
25,2,920,111,38,359,1,-1,-1,-1
25,3,651,269,29,109,1,-1,-1,-1
25,4,22,2,114,537,1,-1,-1,-1
25,5,813,128,95,338,1,-1,-1,-1
25,6,661,219,38,159,1,-1,-1,-1
25,9,150,212,59,197,1,-1,-1,-1
26,2,919,105,39,366,1,-1,-1,-1
26,3,651,268,29,110,1,-1,-1,-1
26,4,23,0,119,539,1,-1,-1,-1
26,5,812,126,95,342,1,-1,-1,-1
26,9,150,216,58,194,1,-1,-1,-1
27,2,918,102,39,368,1,-1,-1,-1
27,3,652,270,29,110,1,-1,-1,-1
27,4,27,0,125,539,1,-1,-1,-1
27,5,810,124,95,345,1,-1,-1,-1
27,9,151,216,58,193,1,-1,-1,-1
28,2,917,96,40,374,1,-1,-1,-1
28,3,652,270,29,109,1,-1,-1,-1
28,4,34,3,129,536,1,-1,-1,-1
28,5,808,121,96,348,1,-1,-1,-1
29,2,913,85,43,390,1,-1,-1,-1
29,3,652,270,29,110,1,-1,-1,-1
29,4,34,7,132,532,1,-1,-1,-1
29,5,808,119,96,350,1,-1,-1,-1
30,2,911,80,44,396,1,-1,-1,-1
30,3,652,271,29,109,1,-1,-1,-1
30,4,31,2,139,537,1,-1,-1,-1
30,5,808,119,95,349,1,-1,-1,-1
31,2,911,80,45,396,1,-1,-1,-1
31,3,652,271,29,109,1,-1,-1,-1
31,4,29,0,145,539,1,-1,-1,-1
31,5,809,120,94,348,1,-1,-1,-1
32,2,908,76,46,399,1,-1,-1,-1
32,3,652,271,29,109,1,-1,-1,-1
32,4,29,1,151,538,1,-1,-1,-1
32,5,808,121,93,347,1,-1,-1,-1
32,6,664,212,41,166,1,-1,-1,-1
33,2,907,77,47,399,1,-1,-1,-1
33,3,653,272,29,108,1,-1,-1,-1
33,4,29,1,157,538,1,-1,-1,-1
33,5,808,124,92,344,1,-1,-1,-1
33,6,665,212,41,166,1,-1,-1,-1
34,2,905,73,49,403,1,-1,-1,-1
34,3,653,272,29,108,1,-1,-1,-1
34,4,34,1,165,538,1,-1,-1,-1
34,5,810,134,89,334,1,-1,-1,-1
34,6,665,212,41,166,1,-1,-1,-1
35,2,903,72,50,403,1,-1,-1,-1
35,3,654,273,29,108,1,-1,-1,-1
35,4,33,4,171,535,1,-1,-1,-1
35,5,810,135,89,334,1,-1,-1,-1
36,2,903,72,51,403,1,-1,-1,-1
36,3,654,272,29,108,1,-1,-1,-1
36,4,34,9,177,530,1,-1,-1,-1
36,5,810,130,90,339,1,-1,-1,-1
37,2,902,72,52,405,1,-1,-1,-1
37,3,655,272,28,107,1,-1,-1,-1
37,4,34,18,180,521,1,-1,-1,-1
37,5,810,132,90,339,1,-1,-1,-1
38,2,901,71,53,406,1,-1,-1,-1
38,3,655,272,28,107,1,-1,-1,-1
38,4,35,13,187,526,1,-1,-1,-1
38,5,809,127,91,347,1,-1,-1,-1
39,2,899,72,55,408,1,-1,-1,-1
39,3,655,271,28,108,1,-1,-1,-1
39,4,42,12,189,527,1,-1,-1,-1
39,5,809,135,90,343,1,-1,-1,-1
39,6,661,214,40,166,1,-1,-1,-1
40,2,899,68,56,410,1,-1,-1,-1
40,3,656,271,28,108,1,-1,-1,-1
40,4,57,18,187,521,1,-1,-1,-1
40,5,807,129,91,350,1,-1,-1,-1
40,6,661,216,40,165,1,-1,-1,-1
41,2,899,69,56,408,1,-1,-1,-1
41,3,657,272,28,108,1,-1,-1,-1
41,4,71,25,183,514,1,-1,-1,-1
41,5,805,123,92,357,1,-1,-1,-1
41,6,660,216,40,165,1,-1,-1,-1
42,2,898,70,57,410,1,-1,-1,-1
42,3,657,272,28,108,1,-1,-1,-1
42,4,86,13,182,526,1,-1,-1,-1
42,5,803,117,92,365,1,-1,-1,-1
42,9,88,196,34,114,1,-1,-1,-1
43,2,896,72,59,411,1,-1,-1,-1
43,3,657,273,28,108,1,-1,-1,-1
43,4,101,19,176,520,1,-1,-1,-1
43,5,803,112,93,371,1,-1,-1,-1
43,9,84,195,33,109,1,-1,-1,-1
44,2,894,72,60,414,1,-1,-1,-1
44,3,657,271,29,110,1,-1,-1,-1
44,4,117,28,167,511,1,-1,-1,-1
44,5,801,112,93,372,1,-1,-1,-1
45,2,893,69,62,419,1,-1,-1,-1
45,3,657,271,29,110,1,-1,-1,-1
45,4,128,21,163,518,1,-1,-1,-1
45,5,798,112,93,375,1,-1,-1,-1
46,2,892,68,63,424,1,-1,-1,-1
46,3,656,270,30,111,1,-1,-1,-1
46,4,133,20,158,519,1,-1,-1,-1
46,5,796,113,93,374,1,-1,-1,-1
47,2,892,65,64,430,1,-1,-1,-1
47,3,656,270,30,111,1,-1,-1,-1
47,4,152,16,155,523,1,-1,-1,-1
47,5,793,110,93,375,1,-1,-1,-1
47,6,660,220,38,160,1,-1,-1,-1
48,2,892,61,65,436,1,-1,-1,-1
48,3,656,270,30,111,1,-1,-1,-1
48,4,163,19,153,520,1,-1,-1,-1
48,5,793,107,94,378,1,-1,-1,-1
48,6,659,218,39,162,1,-1,-1,-1
49,2,891,58,67,441,1,-1,-1,-1
49,3,656,270,30,111,1,-1,-1,-1
49,4,176,27,151,512,1,-1,-1,-1
49,5,790,108,94,377,1,-1,-1,-1
49,6,660,217,39,164,1,-1,-1,-1
50,2,891,59,67,442,1,-1,-1,-1
50,3,656,270,30,111,1,-1,-1,-1
50,4,190,41,148,498,1,-1,-1,-1
50,5,789,104,97,386,1,-1,-1,-1
50,6,660,216,40,165,1,-1,-1,-1
51,2,892,62,66,438,1,-1,-1,-1
51,3,656,269,30,112,1,-1,-1,-1
51,4,199,45,149,494,1,-1,-1,-1
51,5,786,107,97,384,1,-1,-1,-1
51,6,660,216,40,165,1,-1,-1,-1
52,2,891,59,67,440,1,-1,-1,-1
52,3,656,269,30,112,1,-1,-1,-1
52,4,202,44,151,495,1,-1,-1,-1
52,5,785,107,98,385,1,-1,-1,-1
52,6,661,216,40,166,1,-1,-1,-1
53,2,889,54,68,445,1,-1,-1,-1
53,3,656,269,30,112,1,-1,-1,-1
53,4,200,35,155,504,1,-1,-1,-1
53,5,783,107,98,386,1,-1,-1,-1
53,6,661,215,40,166,1,-1,-1,-1
54,2,888,50,69,450,1,-1,-1,-1
54,3,656,269,29,111,1,-1,-1,-1
54,4,201,30,157,509,1,-1,-1,-1
54,5,782,110,98,386,1,-1,-1,-1
54,6,661,215,40,166,1,-1,-1,-1
55,2,887,50,70,449,1,-1,-1,-1
55,3,656,269,29,111,1,-1,-1,-1
55,4,210,58,150,481,1,-1,-1,-1
55,5,780,115,96,382,1,-1,-1,-1
55,6,661,215,40,166,1,-1,-1,-1
56,2,886,51,71,450,1,-1,-1,-1
56,3,656,269,29,111,1,-1,-1,-1
56,4,216,53,151,486,1,-1,-1,-1
56,5,778,112,97,388,1,-1,-1,-1
56,6,661,216,40,165,1,-1,-1,-1
57,2,884,48,72,456,1,-1,-1,-1
57,3,656,269,29,111,1,-1,-1,-1
57,4,224,47,149,492,1,-1,-1,-1
57,5,776,105,99,395,1,-1,-1,-1
57,6,662,216,40,165,1,-1,-1,-1
58,2,883,49,73,455,1,-1,-1,-1
58,3,656,269,29,111,1,-1,-1,-1
58,4,234,40,146,494,1,-1,-1,-1
58,5,773,97,100,402,1,-1,-1,-1
58,6,662,216,40,165,1,-1,-1,-1
59,2,881,52,74,456,1,-1,-1,-1
59,3,656,269,29,112,1,-1,-1,-1
59,4,252,43,141,486,1,-1,-1,-1
59,5,769,96,101,405,1,-1,-1,-1
59,6,663,215,40,166,1,-1,-1,-1
60,2,880,54,74,455,1,-1,-1,-1
60,3,656,270,29,110,1,-1,-1,-1
60,4,264,31,143,500,1,-1,-1,-1
60,5,767,95,101,408,1,-1,-1,-1
60,6,663,215,40,165,1,-1,-1,-1
61,2,881,59,75,452,1,-1,-1,-1
61,3,656,270,29,110,1,-1,-1,-1
61,4,275,29,144,506,1,-1,-1,-1
61,5,765,95,101,407,1,-1,-1,-1
61,6,663,215,40,165,1,-1,-1,-1
62,2,878,55,77,457,1,-1,-1,-1
62,3,656,270,28,110,1,-1,-1,-1
62,4,287,32,142,501,1,-1,-1,-1
62,5,762,96,101,405,1,-1,-1,-1
62,6,663,215,40,165,1,-1,-1,-1
63,2,876,47,79,467,1,-1,-1,-1
63,3,656,270,28,110,1,-1,-1,-1
63,4,294,36,140,498,1,-1,-1,-1
63,5,760,104,99,395,1,-1,-1,-1
63,6,663,215,40,165,1,-1,-1,-1
64,2,874,43,81,471,1,-1,-1,-1
64,3,656,270,28,110,1,-1,-1,-1
64,4,302,40,140,496,1,-1,-1,-1
64,5,756,102,101,400,1,-1,-1,-1
64,6,664,214,40,166,1,-1,-1,-1
64,13,198,192,53,221,1,-1,-1,-1
65,2,871,41,83,475,1,-1,-1,-1
65,3,656,270,28,110,1,-1,-1,-1
65,4,309,42,139,492,1,-1,-1,-1
65,5,754,99,102,405,1,-1,-1,-1
65,6,665,214,40,166,1,-1,-1,-1
65,13,199,188,55,227,1,-1,-1,-1
66,2,869,41,84,476,1,-1,-1,-1
66,3,656,271,28,109,1,-1,-1,-1
66,4,315,43,139,490,1,-1,-1,-1
66,5,753,98,104,410,1,-1,-1,-1
66,6,665,214,40,166,1,-1,-1,-1
66,13,200,188,54,227,1,-1,-1,-1
67,2,867,40,86,481,1,-1,-1,-1
67,3,656,270,28,110,1,-1,-1,-1
67,4,320,43,139,488,1,-1,-1,-1
67,5,752,99,104,412,1,-1,-1,-1
67,6,665,214,41,166,1,-1,-1,-1
67,13,201,190,54,225,1,-1,-1,-1
68,2,864,37,88,480,1,-1,-1,-1
68,3,656,270,28,110,1,-1,-1,-1
68,4,326,45,137,483,1,-1,-1,-1
68,5,752,100,102,408,1,-1,-1,-1
68,6,666,214,41,166,1,-1,-1,-1
68,13,202,189,53,223,1,-1,-1,-1
69,2,863,36,89,485,1,-1,-1,-1
69,3,656,270,28,110,1,-1,-1,-1
69,4,336,44,134,474,1,-1,-1,-1
69,5,755,110,100,398,1,-1,-1,-1
69,6,665,214,41,166,1,-1,-1,-1
69,13,203,193,52,218,1,-1,-1,-1
70,2,859,36,91,484,1,-1,-1,-1
70,3,656,271,27,109,1,-1,-1,-1
70,4,343,43,132,470,1,-1,-1,-1
70,5,756,115,100,399,1,-1,-1,-1
70,6,665,214,41,166,1,-1,-1,-1
70,13,203,193,52,216,1,-1,-1,-1
71,2,856,37,93,486,1,-1,-1,-1
71,3,656,271,27,109,1,-1,-1,-1
71,4,348,42,131,473,1,-1,-1,-1
71,5,755,118,100,400,1,-1,-1,-1
71,6,665,214,41,166,1,-1,-1,-1
71,13,204,195,52,215,1,-1,-1,-1
72,2,853,37,95,491,1,-1,-1,-1
72,3,656,272,27,108,1,-1,-1,-1
72,4,356,42,129,472,1,-1,-1,-1
72,5,749,115,101,406,1,-1,-1,-1
72,6,666,214,41,166,1,-1,-1,-1
72,13,205,197,52,212,1,-1,-1,-1
73,2,850,37,97,494,1,-1,-1,-1
73,3,656,272,27,108,1,-1,-1,-1
73,4,364,44,126,472,1,-1,-1,-1
73,5,746,109,103,415,1,-1,-1,-1
73,6,666,213,41,166,1,-1,-1,-1
73,13,206,195,54,216,1,-1,-1,-1
74,2,848,35,98,496,1,-1,-1,-1
74,3,656,272,27,109,1,-1,-1,-1
74,4,372,49,122,464,1,-1,-1,-1
74,5,745,105,104,420,1,-1,-1,-1
74,6,666,213,41,166,1,-1,-1,-1
74,13,206,195,55,218,1,-1,-1,-1
75,2,846,35,99,498,1,-1,-1,-1
75,3,656,272,27,109,1,-1,-1,-1
75,4,380,52,119,456,1,-1,-1,-1
75,5,743,96,106,430,1,-1,-1,-1
75,6,667,213,41,166,1,-1,-1,-1
75,13,205,193,56,220,1,-1,-1,-1
76,2,845,34,100,501,1,-1,-1,-1
76,4,390,52,120,455,1,-1,-1,-1
76,5,742,92,107,436,1,-1,-1,-1
76,6,666,213,41,166,1,-1,-1,-1
76,13,207,199,54,213,1,-1,-1,-1
76,14,127,212,48,206,1,-1,-1,-1
77,2,845,34,101,503,1,-1,-1,-1
77,4,400,51,122,456,1,-1,-1,-1
77,5,740,89,108,439,1,-1,-1,-1
77,6,666,213,41,166,1,-1,-1,-1
77,13,208,205,53,207,1,-1,-1,-1
77,14,129,215,47,202,1,-1,-1,-1
78,2,843,32,102,507,1,-1,-1,-1
78,4,406,52,123,456,1,-1,-1,-1
78,5,738,87,108,442,1,-1,-1,-1
78,6,666,213,41,166,1,-1,-1,-1
78,13,210,207,52,204,1,-1,-1,-1
78,14,132,220,46,197,1,-1,-1,-1
79,2,841,31,103,508,1,-1,-1,-1
79,4,410,54,122,451,1,-1,-1,-1
79,5,735,86,109,445,1,-1,-1,-1
79,6,666,213,41,166,1,-1,-1,-1
79,13,213,207,53,205,1,-1,-1,-1
79,14,133,222,45,194,1,-1,-1,-1
80,2,840,29,104,511,1,-1,-1,-1
80,4,414,59,121,444,1,-1,-1,-1
80,5,734,87,108,444,1,-1,-1,-1
80,6,666,213,41,166,1,-1,-1,-1
80,13,215,205,53,207,1,-1,-1,-1
81,2,840,29,105,511,1,-1,-1,-1
81,4,414,64,121,437,1,-1,-1,-1
81,5,733,88,108,445,1,-1,-1,-1
81,6,666,213,41,166,1,-1,-1,-1
81,13,216,204,53,208,1,-1,-1,-1
82,2,839,32,105,508,1,-1,-1,-1
82,4,420,66,119,429,1,-1,-1,-1
82,5,730,88,109,446,1,-1,-1,-1
82,6,666,213,41,166,1,-1,-1,-1
82,13,218,204,53,207,1,-1,-1,-1
83,2,839,37,104,503,1,-1,-1,-1
83,4,429,67,116,422,1,-1,-1,-1
83,5,728,89,109,446,1,-1,-1,-1
83,6,666,213,42,166,1,-1,-1,-1
83,13,220,206,52,207,1,-1,-1,-1
84,2,837,34,105,506,1,-1,-1,-1
84,4,440,65,113,421,1,-1,-1,-1
84,5,726,88,111,448,1,-1,-1,-1
84,6,666,213,42,166,1,-1,-1,-1
84,13,221,201,53,212,1,-1,-1,-1
84,14,146,216,48,202,1,-1,-1,-1
85,2,836,30,107,510,1,-1,-1,-1
85,4,447,60,112,425,1,-1,-1,-1
85,5,723,88,112,449,1,-1,-1,-1
85,6,667,214,42,165,1,-1,-1,-1
85,13,222,197,54,217,1,-1,-1,-1
85,14,147,214,49,204,1,-1,-1,-1
86,2,836,29,107,511,1,-1,-1,-1
86,4,454,56,112,428,1,-1,-1,-1
86,5,718,87,114,451,1,-1,-1,-1
86,6,667,214,42,165,1,-1,-1,-1
86,13,223,195,55,221,1,-1,-1,-1
86,14,151,216,48,200,1,-1,-1,-1
87,2,835,28,107,511,1,-1,-1,-1
87,4,463,56,111,425,1,-1,-1,-1
87,5,715,87,115,452,1,-1,-1,-1
87,6,667,215,42,164,1,-1,-1,-1
87,13,226,194,55,221,1,-1,-1,-1
87,14,153,217,48,200,1,-1,-1,-1
88,2,833,21,109,518,1,-1,-1,-1
88,4,468,58,111,423,1,-1,-1,-1
88,5,713,86,116,454,1,-1,-1,-1
88,6,668,215,42,164,1,-1,-1,-1
88,13,229,196,54,217,1,-1,-1,-1
88,14,152,209,49,207,1,-1,-1,-1
89,2,832,16,110,523,1,-1,-1,-1
89,4,477,66,109,413,1,-1,-1,-1
89,5,709,88,116,452,1,-1,-1,-1
89,6,667,214,43,166,1,-1,-1,-1
89,13,230,202,53,208,1,-1,-1,-1
89,14,154,209,49,208,1,-1,-1,-1
90,2,830,12,111,527,1,-1,-1,-1
90,4,484,73,107,405,1,-1,-1,-1
90,5,705,82,118,458,1,-1,-1,-1
90,6,665,214,43,167,1,-1,-1,-1
90,13,232,205,53,207,1,-1,-1,-1
90,14,156,210,48,207,1,-1,-1,-1
91,2,828,15,111,524,1,-1,-1,-1
91,4,488,77,107,402,1,-1,-1,-1
91,5,702,81,118,458,1,-1,-1,-1
91,6,664,214,43,167,1,-1,-1,-1
91,13,231,201,54,212,1,-1,-1,-1
91,14,158,210,48,207,1,-1,-1,-1
92,2,825,17,111,522,1,-1,-1,-1
92,4,493,81,108,399,1,-1,-1,-1
92,5,699,82,119,457,1,-1,-1,-1
92,6,659,212,43,169,1,-1,-1,-1
92,13,231,200,55,216,1,-1,-1,-1
92,14,159,213,46,200,1,-1,-1,-1
93,2,822,20,111,519,1,-1,-1,-1
93,4,497,83,108,395,1,-1,-1,-1
93,5,695,82,119,457,1,-1,-1,-1
93,6,659,213,42,167,1,-1,-1,-1
93,13,231,194,56,222,1,-1,-1,-1
93,14,162,218,44,197,1,-1,-1,-1
94,2,819,18,112,522,1,-1,-1,-1
94,4,500,84,107,391,1,-1,-1,-1
94,5,692,82,120,457,1,-1,-1,-1
94,6,659,213,42,168,1,-1,-1,-1
94,13,231,190,57,226,1,-1,-1,-1
94,14,164,218,44,197,1,-1,-1,-1
95,2,815,19,113,521,1,-1,-1,-1
95,4,508,92,104,378,1,-1,-1,-1
95,5,689,82,120,457,1,-1,-1,-1
95,13,232,192,56,223,1,-1,-1,-1
96,2,813,15,114,524,1,-1,-1,-1
96,4,516,99,100,365,1,-1,-1,-1
96,5,687,82,121,458,1,-1,-1,-1
96,13,232,188,57,228,1,-1,-1,-1
97,2,809,13,115,526,1,-1,-1,-1
97,4,518,84,103,379,1,-1,-1,-1
97,5,684,76,122,463,1,-1,-1,-1
97,6,659,216,41,164,1,-1,-1,-1
97,13,232,187,57,230,1,-1,-1,-1
98,2,807,10,116,529,1,-1,-1,-1
98,4,523,79,102,386,1,-1,-1,-1
98,5,683,73,123,466,1,-1,-1,-1
98,6,658,216,41,164,1,-1,-1,-1
98,13,233,184,58,233,1,-1,-1,-1
99,2,804,10,116,529,1,-1,-1,-1
99,4,528,75,100,387,1,-1,-1,-1
99,5,680,73,123,466,1,-1,-1,-1
99,13,232,182,58,235,1,-1,-1,-1
100,2,801,3,118,536,1,-1,-1,-1
100,4,533,73,98,386,1,-1,-1,-1
100,5,679,71,123,468,1,-1,-1,-1
100,6,654,241,35,142,1,-1,-1,-1
100,13,232,182,58,237,1,-1,-1,-1
100,14,171,210,47,211,1,-1,-1,-1
101,2,799,1,119,538,1,-1,-1,-1
101,4,538,73,96,383,1,-1,-1,-1
101,5,676,70,123,470,1,-1,-1,-1
101,6,653,244,35,140,1,-1,-1,-1
101,13,232,182,58,238,1,-1,-1,-1
101,14,169,206,47,212,1,-1,-1,-1
102,2,795,0,119,539,1,-1,-1,-1
102,4,547,77,96,380,1,-1,-1,-1
102,5,674,74,122,465,1,-1,-1,-1
102,13,232,182,59,240,1,-1,-1,-1
102,14,168,204,47,215,1,-1,-1,-1
103,2,793,8,118,531,1,-1,-1,-1
103,4,551,81,95,377,1,-1,-1,-1
103,5,673,82,120,457,1,-1,-1,-1
103,13,232,183,58,240,1,-1,-1,-1
103,14,169,205,47,212,1,-1,-1,-1
104,2,790,5,118,534,1,-1,-1,-1
104,4,555,86,94,370,1,-1,-1,-1
104,5,668,84,120,455,1,-1,-1,-1
104,13,232,182,59,242,1,-1,-1,-1
104,14,169,203,48,217,1,-1,-1,-1
105,2,785,1,119,538,1,-1,-1,-1
105,4,559,89,93,365,1,-1,-1,-1
105,5,664,78,123,461,1,-1,-1,-1
105,13,232,181,59,242,1,-1,-1,-1
105,14,171,206,48,216,1,-1,-1,-1
106,2,781,0,118,539,1,-1,-1,-1
106,4,562,91,92,363,1,-1,-1,-1
106,5,659,72,125,468,1,-1,-1,-1
106,13,233,182,58,241,1,-1,-1,-1
106,14,171,201,49,219,1,-1,-1,-1
107,2,776,0,118,540,1,-1,-1,-1
107,4,567,90,91,360,1,-1,-1,-1
107,5,653,68,128,471,1,-1,-1,-1
107,13,233,184,58,240,1,-1,-1,-1
107,14,172,201,49,219,1,-1,-1,-1
108,2,774,0,117,540,1,-1,-1,-1
108,4,573,91,88,353,1,-1,-1,-1
108,5,649,61,131,478,1,-1,-1,-1
108,13,233,186,58,241,1,-1,-1,-1
108,14,172,202,49,220,1,-1,-1,-1
109,2,771,0,117,540,1,-1,-1,-1
109,4,577,92,86,347,1,-1,-1,-1
109,5,643,54,133,485,1,-1,-1,-1
109,13,233,187,57,240,1,-1,-1,-1
109,14,173,203,49,219,1,-1,-1,-1
110,2,769,0,117,540,1,-1,-1,-1
110,4,580,91,85,349,1,-1,-1,-1
110,5,641,54,133,485,1,-1,-1,-1
110,13,232,186,58,244,1,-1,-1,-1
110,14,173,201,50,222,1,-1,-1,-1
111,2,767,0,117,540,1,-1,-1,-1
111,4,584,99,83,344,1,-1,-1,-1
111,5,639,54,133,485,1,-1,-1,-1
111,13,231,183,59,248,1,-1,-1,-1
111,14,173,199,50,225,1,-1,-1,-1
112,2,765,0,117,540,1,-1,-1,-1
112,4,587,101,81,340,1,-1,-1,-1
112,5,635,52,133,487,1,-1,-1,-1
112,13,231,181,59,251,1,-1,-1,-1
112,14,173,197,50,226,1,-1,-1,-1
113,2,763,0,117,540,1,-1,-1,-1
113,4,591,103,80,336,1,-1,-1,-1
113,5,631,53,133,486,1,-1,-1,-1
113,13,230,178,59,253,1,-1,-1,-1
113,14,174,194,50,229,1,-1,-1,-1
114,2,761,0,117,540,1,-1,-1,-1
114,5,628,56,132,483,1,-1,-1,-1
114,13,230,179,59,252,1,-1,-1,-1
114,14,174,192,51,230,1,-1,-1,-1
115,2,759,4,117,535,1,-1,-1,-1
115,5,625,60,132,479,1,-1,-1,-1
115,13,228,176,60,255,1,-1,-1,-1
116,2,756,1,118,538,1,-1,-1,-1
116,5,616,62,134,477,1,-1,-1,-1
116,13,227,173,60,259,1,-1,-1,-1
117,2,753,0,118,539,1,-1,-1,-1
117,5,607,63,137,476,1,-1,-1,-1
117,13,227,169,61,263,1,-1,-1,-1
118,2,751,0,119,539,1,-1,-1,-1
118,5,604,62,139,477,1,-1,-1,-1
118,13,226,168,61,265,1,-1,-1,-1
119,2,749,0,119,540,1,-1,-1,-1
119,5,602,60,140,479,1,-1,-1,-1
119,13,226,166,61,267,1,-1,-1,-1
120,2,746,0,119,540,1,-1,-1,-1
120,5,600,60,140,479,1,-1,-1,-1
120,13,225,164,61,269,1,-1,-1,-1
121,2,745,0,119,540,1,-1,-1,-1
121,5,595,54,143,485,1,-1,-1,-1
121,13,225,164,61,269,1,-1,-1,-1
122,2,741,0,119,540,1,-1,-1,-1
122,5,587,45,146,494,1,-1,-1,-1
122,13,222,157,63,280,1,-1,-1,-1
123,2,738,0,119,540,1,-1,-1,-1
123,5,579,40,148,499,1,-1,-1,-1
123,13,221,155,63,283,1,-1,-1,-1
123,14,169,187,55,251,1,-1,-1,-1
124,2,735,0,120,540,1,-1,-1,-1
124,5,572,42,149,497,1,-1,-1,-1
124,13,221,154,62,283,1,-1,-1,-1
124,14,169,187,55,253,1,-1,-1,-1
125,2,731,0,121,540,1,-1,-1,-1
125,5,567,46,149,493,1,-1,-1,-1
125,13,221,154,63,286,1,-1,-1,-1
125,14,168,178,57,262,1,-1,-1,-1
126,2,728,0,122,540,1,-1,-1,-1
126,5,563,47,149,492,1,-1,-1,-1
126,13,221,154,62,287,1,-1,-1,-1
126,14,168,173,57,267,1,-1,-1,-1
127,2,724,0,123,540,1,-1,-1,-1
127,5,563,48,149,491,1,-1,-1,-1
127,13,221,153,62,289,1,-1,-1,-1
127,14,168,172,57,269,1,-1,-1,-1
128,2,719,0,125,540,1,-1,-1,-1
128,5,561,39,153,500,1,-1,-1,-1
128,13,221,152,62,290,1,-1,-1,-1
128,14,167,172,57,270,1,-1,-1,-1
129,2,714,0,127,540,1,-1,-1,-1
129,5,560,33,155,506,1,-1,-1,-1
129,13,221,150,62,292,1,-1,-1,-1
129,14,166,177,57,267,1,-1,-1,-1
130,2,709,0,128,540,1,-1,-1,-1
130,5,557,37,153,502,1,-1,-1,-1
130,13,221,149,62,294,1,-1,-1,-1
130,14,166,178,57,267,1,-1,-1,-1
131,2,702,0,130,540,1,-1,-1,-1
131,5,553,37,152,502,1,-1,-1,-1
131,13,221,148,62,294,1,-1,-1,-1
131,14,166,177,57,269,1,-1,-1,-1
132,2,696,0,131,540,1,-1,-1,-1
132,4,846,209,25,106,1,-1,-1,-1
132,5,547,32,153,507,1,-1,-1,-1
132,13,221,149,62,294,1,-1,-1,-1
132,14,166,176,57,271,1,-1,-1,-1
133,2,693,0,133,540,1,-1,-1,-1
133,4,848,210,25,102,1,-1,-1,-1
133,5,543,30,152,509,1,-1,-1,-1
133,13,220,147,62,294,1,-1,-1,-1
133,14,166,175,58,273,1,-1,-1,-1
134,2,690,0,134,540,1,-1,-1,-1
134,4,850,210,24,100,1,-1,-1,-1
134,5,541,31,151,508,1,-1,-1,-1
134,13,220,146,61,296,1,-1,-1,-1
135,2,685,0,136,540,1,-1,-1,-1
135,4,857,213,23,92,1,-1,-1,-1
135,5,537,25,153,514,1,-1,-1,-1
135,13,221,145,60,289,1,-1,-1,-1
136,2,681,0,137,540,1,-1,-1,-1
136,5,533,19,154,520,1,-1,-1,-1
136,13,221,145,61,294,1,-1,-1,-1
136,14,163,176,57,268,1,-1,-1,-1
137,2,674,0,140,540,1,-1,-1,-1
137,5,526,14,156,525,1,-1,-1,-1
137,13,221,146,61,295,1,-1,-1,-1
137,14,162,175,58,268,1,-1,-1,-1
137,19,15,143,74,396,1,-1,-1,-1
138,2,670,0,143,540,1,-1,-1,-1
138,5,519,4,159,535,1,-1,-1,-1
138,13,221,146,61,295,1,-1,-1,-1
138,14,162,172,59,272,1,-1,-1,-1
138,19,11,91,84,448,1,-1,-1,-1
139,2,666,0,145,540,1,-1,-1,-1
139,5,513,0,161,539,1,-1,-1,-1
139,13,221,147,61,294,1,-1,-1,-1
139,14,162,172,59,273,1,-1,-1,-1
139,19,7,59,91,480,1,-1,-1,-1
140,2,659,0,146,540,1,-1,-1,-1
140,5,506,-1,162,541,1,-1,-1,-1
140,13,221,148,61,292,1,-1,-1,-1
140,14,161,171,60,274,1,-1,-1,-1
140,19,4,61,91,478,1,-1,-1,-1
141,2,653,0,146,540,1,-1,-1,-1
141,5,498,-1,164,541,1,-1,-1,-1
141,13,221,148,62,294,1,-1,-1,-1
141,14,160,170,60,275,1,-1,-1,-1
141,19,3,50,93,489,1,-1,-1,-1
142,2,643,0,146,540,1,-1,-1,-1
142,5,491,-1,166,541,1,-1,-1,-1
142,13,220,148,63,298,1,-1,-1,-1
142,14,157,173,60,270,1,-1,-1,-1
142,19,3,49,94,490,1,-1,-1,-1
143,2,637,0,147,540,1,-1,-1,-1
143,5,485,-1,167,541,1,-1,-1,-1
143,13,219,147,64,301,1,-1,-1,-1
143,14,156,175,60,269,1,-1,-1,-1
143,19,6,57,94,482,1,-1,-1,-1
144,2,631,0,147,540,1,-1,-1,-1
144,5,478,-1,169,541,1,-1,-1,-1
144,13,219,149,64,303,1,-1,-1,-1
144,14,155,175,61,270,1,-1,-1,-1
144,19,9,68,93,471,1,-1,-1,-1
145,2,627,0,148,540,1,-1,-1,-1
145,5,468,-1,173,541,1,-1,-1,-1
145,13,218,147,65,306,1,-1,-1,-1
145,14,155,176,62,272,1,-1,-1,-1
145,19,16,79,92,460,1,-1,-1,-1
146,2,624,0,150,540,1,-1,-1,-1
146,5,464,-1,175,541,1,-1,-1,-1
146,13,218,147,66,308,1,-1,-1,-1
146,14,154,176,62,272,1,-1,-1,-1
146,19,23,78,94,461,1,-1,-1,-1
147,2,620,0,151,540,1,-1,-1,-1
147,5,458,0,177,540,1,-1,-1,-1
147,13,218,145,67,310,1,-1,-1,-1
147,14,153,176,62,270,1,-1,-1,-1
147,19,30,98,96,441,1,-1,-1,-1
148,2,617,0,151,540,1,-1,-1,-1
148,5,456,0,178,540,1,-1,-1,-1
148,13,218,145,67,310,1,-1,-1,-1
148,14,151,174,62,270,1,-1,-1,-1
148,19,41,82,107,457,1,-1,-1,-1
149,2,615,0,152,540,1,-1,-1,-1
149,5,451,0,179,540,1,-1,-1,-1
149,13,218,144,67,310,1,-1,-1,-1
149,14,150,173,63,271,1,-1,-1,-1
149,19,53,76,118,463,1,-1,-1,-1
150,2,612,0,153,540,1,-1,-1,-1
150,5,450,0,178,540,1,-1,-1,-1
150,13,218,141,68,312,1,-1,-1,-1
150,14,149,173,64,273,1,-1,-1,-1
150,19,63,89,124,450,1,-1,-1,-1
151,2,607,0,154,540,1,-1,-1,-1
151,5,444,0,179,540,1,-1,-1,-1
151,13,218,139,68,314,1,-1,-1,-1
151,14,149,172,63,271,1,-1,-1,-1
151,19,60,84,135,455,1,-1,-1,-1
152,2,602,0,155,540,1,-1,-1,-1
152,5,430,0,182,540,1,-1,-1,-1
152,13,221,140,69,315,1,-1,-1,-1
152,14,148,172,63,271,1,-1,-1,-1
152,19,67,83,141,456,1,-1,-1,-1
153,2,598,0,157,540,1,-1,-1,-1
153,5,422,0,184,540,1,-1,-1,-1
153,13,223,141,69,314,1,-1,-1,-1
153,19,72,92,142,447,1,-1,-1,-1
154,2,593,0,160,540,1,-1,-1,-1
154,5,414,0,185,540,1,-1,-1,-1
154,13,224,142,70,315,1,-1,-1,-1
154,19,78,95,144,444,1,-1,-1,-1
155,2,585,0,161,540,1,-1,-1,-1
155,5,400,0,187,540,1,-1,-1,-1
155,13,225,142,70,317,1,-1,-1,-1
155,19,83,91,146,448,1,-1,-1,-1
156,2,581,0,162,540,1,-1,-1,-1
156,5,392,0,190,540,1,-1,-1,-1
156,13,225,140,71,320,1,-1,-1,-1
156,19,87,94,145,445,1,-1,-1,-1
157,2,577,0,162,540,1,-1,-1,-1
157,5,384,0,192,540,1,-1,-1,-1
157,13,225,139,72,323,1,-1,-1,-1
157,19,97,101,141,438,1,-1,-1,-1
158,2,574,0,163,540,1,-1,-1,-1
158,5,377,0,194,540,1,-1,-1,-1
158,13,226,140,72,321,1,-1,-1,-1
158,19,87,101,143,438,1,-1,-1,-1
158,20,738,123,61,266,1,-1,-1,-1
159,2,569,0,164,540,1,-1,-1,-1
159,5,374,0,195,540,1,-1,-1,-1
159,13,229,135,73,326,1,-1,-1,-1
159,19,82,96,147,443,1,-1,-1,-1
159,20,739,121,61,265,1,-1,-1,-1
160,2,565,0,166,540,1,-1,-1,-1
160,5,373,0,195,540,1,-1,-1,-1
160,13,235,137,67,302,1,-1,-1,-1
160,14,166,109,100,426,1,-1,-1,-1
160,19,84,111,144,428,1,-1,-1,-1
160,20,742,127,59,255,1,-1,-1,-1
161,2,562,0,167,540,1,-1,-1,-1
161,5,372,0,195,540,1,-1,-1,-1
161,13,236,137,67,300,1,-1,-1,-1
161,14,173,105,104,435,1,-1,-1,-1
161,19,81,117,142,422,1,-1,-1,-1
161,20,744,124,60,259,1,-1,-1,-1
162,2,556,0,170,540,1,-1,-1,-1
162,5,368,0,194,540,1,-1,-1,-1
162,14,173,110,110,432,1,-1,-1,-1
162,19,84,119,141,420,1,-1,-1,-1
162,20,746,127,59,253,1,-1,-1,-1
163,2,549,0,173,540,1,-1,-1,-1
163,5,363,0,194,540,1,-1,-1,-1
163,14,166,108,120,434,1,-1,-1,-1
163,19,99,118,137,421,1,-1,-1,-1
163,20,747,126,60,254,1,-1,-1,-1
164,2,543,0,176,540,1,-1,-1,-1
164,5,358,0,192,540,1,-1,-1,-1
164,14,186,111,122,431,1,-1,-1,-1
164,19,110,130,127,409,1,-1,-1,-1
164,20,749,128,59,246,1,-1,-1,-1
165,2,538,0,179,540,1,-1,-1,-1
165,5,352,0,191,540,1,-1,-1,-1
165,14,194,118,124,424,1,-1,-1,-1
165,19,114,133,126,406,1,-1,-1,-1
165,20,747,125,63,260,1,-1,-1,-1
166,2,530,0,181,540,1,-1,-1,-1
166,5,355,0,189,540,1,-1,-1,-1
166,14,200,116,128,426,1,-1,-1,-1
166,19,148,125,125,414,1,-1,-1,-1
166,20,747,125,64,263,1,-1,-1,-1
167,2,520,0,184,540,1,-1,-1,-1
167,5,342,0,187,540,1,-1,-1,-1
167,14,200,108,133,433,1,-1,-1,-1
167,19,155,127,124,412,1,-1,-1,-1
167,20,751,133,62,252,1,-1,-1,-1
168,2,515,0,186,540,1,-1,-1,-1
168,5,336,0,186,540,1,-1,-1,-1
168,14,204,113,132,428,1,-1,-1,-1
168,19,163,132,119,407,1,-1,-1,-1
168,20,753,133,62,253,1,-1,-1,-1
169,2,510,0,188,540,1,-1,-1,-1
169,5,331,0,186,540,1,-1,-1,-1
169,14,200,117,133,424,1,-1,-1,-1
169,19,171,134,118,405,1,-1,-1,-1
169,20,753,133,63,255,1,-1,-1,-1
170,2,498,0,190,540,1,-1,-1,-1
170,14,195,117,135,423,1,-1,-1,-1
170,20,755,135,61,247,1,-1,-1,-1
171,2,492,0,193,540,1,-1,-1,-1
171,5,308,0,185,540,1,-1,-1,-1
171,14,194,140,130,401,1,-1,-1,-1
171,20,757,134,62,250,1,-1,-1,-1
171,21,688,201,46,190,1,-1,-1,-1
172,2,485,0,195,540,1,-1,-1,-1
172,5,301,0,186,540,1,-1,-1,-1
172,14,195,141,131,402,1,-1,-1,-1
172,20,762,134,62,251,1,-1,-1,-1
172,21,686,188,49,202,1,-1,-1,-1
173,2,474,0,195,540,1,-1,-1,-1
173,20,770,170,52,210,1,-1,-1,-1
173,21,690,199,46,190,1,-1,-1,-1
174,2,466,0,195,540,1,-1,-1,-1
174,20,770,152,57,230,1,-1,-1,-1
174,21,693,208,44,181,1,-1,-1,-1
175,2,459,0,195,540,1,-1,-1,-1
175,5,272,0,185,540,1,-1,-1,-1
175,20,770,142,59,241,1,-1,-1,-1
175,21,695,213,43,177,1,-1,-1,-1
176,2,452,0,195,540,1,-1,-1,-1
176,5,257,0,187,540,1,-1,-1,-1
176,14,173,167,103,338,1,-1,-1,-1
176,20,773,144,58,238,1,-1,-1,-1
176,21,699,216,41,169,1,-1,-1,-1
177,2,447,0,194,540,1,-1,-1,-1
177,5,248,0,189,540,1,-1,-1,-1
177,14,172,170,102,333,1,-1,-1,-1
177,20,775,146,58,236,1,-1,-1,-1
177,21,700,217,40,166,1,-1,-1,-1
178,2,442,0,194,540,1,-1,-1,-1
178,5,236,0,190,540,1,-1,-1,-1
178,14,178,180,92,317,1,-1,-1,-1
178,20,778,142,58,237,1,-1,-1,-1
178,21,699,215,42,172,1,-1,-1,-1
179,2,440,0,193,540,1,-1,-1,-1
179,5,228,0,191,540,1,-1,-1,-1
179,14,177,184,90,311,1,-1,-1,-1
179,20,780,147,57,233,1,-1,-1,-1
179,21,699,215,43,175,1,-1,-1,-1
180,2,432,0,192,540,1,-1,-1,-1
180,5,212,0,194,540,1,-1,-1,-1
180,19,-8,226,85,313,1,-1,-1,-1
180,20,782,148,56,231,1,-1,-1,-1
180,21,697,213,43,177,1,-1,-1,-1
181,2,427,0,192,540,1,-1,-1,-1
181,5,203,0,194,540,1,-1,-1,-1
181,19,-18,233,83,306,1,-1,-1,-1
181,20,785,147,56,229,1,-1,-1,-1
181,21,697,210,45,182,1,-1,-1,-1
182,2,424,0,192,540,1,-1,-1,-1
182,20,787,149,55,227,1,-1,-1,-1
182,21,694,209,46,184,1,-1,-1,-1
183,2,423,0,193,540,1,-1,-1,-1
183,5,297,64,157,461,1,-1,-1,-1
183,20,789,151,54,223,1,-1,-1,-1
183,21,696,209,47,186,1,-1,-1,-1
184,2,419,0,193,540,1,-1,-1,-1
184,5,321,65,146,456,1,-1,-1,-1
184,20,790,148,55,227,1,-1,-1,-1
184,21,699,207,47,186,1,-1,-1,-1
184,24,10,0,82,540,1,-1,-1,-1
185,2,406,0,195,540,1,-1,-1,-1
185,5,298,123,123,399,1,-1,-1,-1
185,20,791,143,57,234,1,-1,-1,-1
185,21,700,208,47,186,1,-1,-1,-1
185,24,19,0,84,540,1,-1,-1,-1
186,2,394,0,196,540,1,-1,-1,-1
186,5,298,136,119,385,1,-1,-1,-1
186,20,792,140,57,236,1,-1,-1,-1
186,21,700,200,48,191,1,-1,-1,-1
186,24,24,0,86,540,1,-1,-1,-1
187,2,387,0,197,540,1,-1,-1,-1
187,20,793,141,57,234,1,-1,-1,-1
187,21,701,198,48,192,1,-1,-1,-1
187,24,23,0,88,540,1,-1,-1,-1
188,2,378,0,198,540,1,-1,-1,-1
188,5,258,133,104,350,1,-1,-1,-1
188,20,795,143,56,231,1,-1,-1,-1
188,21,697,194,51,201,1,-1,-1,-1
188,24,17,0,89,540,1,-1,-1,-1
189,2,369,0,200,540,1,-1,-1,-1
189,5,256,134,101,347,1,-1,-1,-1
189,20,796,143,56,230,1,-1,-1,-1
189,21,695,193,52,204,1,-1,-1,-1
189,24,2,0,88,540,1,-1,-1,-1
190,2,360,0,202,540,1,-1,-1,-1
190,5,245,131,103,355,1,-1,-1,-1
190,14,66,2,167,536,1,-1,-1,-1
190,20,798,146,56,227,1,-1,-1,-1
190,21,692,190,53,209,1,-1,-1,-1
190,24,2,8,70,427,1,-1,-1,-1
191,2,355,0,202,540,1,-1,-1,-1
191,5,240,131,107,364,1,-1,-1,-1
191,14,50,-4,179,544,1,-1,-1,-1
191,20,800,147,57,224,1,-1,-1,-1
191,21,694,188,54,211,1,-1,-1,-1
191,24,1,9,67,409,1,-1,-1,-1
192,2,348,0,203,540,1,-1,-1,-1
192,5,229,134,106,367,1,-1,-1,-1
192,14,30,-6,190,547,1,-1,-1,-1
192,20,801,147,57,223,1,-1,-1,-1
192,21,697,192,53,205,1,-1,-1,-1
193,2,338,0,203,540,1,-1,-1,-1
193,5,229,141,102,359,1,-1,-1,-1
193,14,16,-6,195,547,1,-1,-1,-1
193,20,803,149,56,218,1,-1,-1,-1
193,21,699,198,51,199,1,-1,-1,-1
194,2,326,0,204,540,1,-1,-1,-1
194,5,229,135,104,372,1,-1,-1,-1
194,14,8,-6,198,547,1,-1,-1,-1
194,20,804,150,57,219,1,-1,-1,-1
194,21,699,196,52,201,1,-1,-1,-1
195,2,307,0,209,540,1,-1,-1,-1
195,5,235,147,98,360,1,-1,-1,-1
195,14,4,-5,200,547,1,-1,-1,-1
195,20,806,153,56,214,1,-1,-1,-1
195,21,698,196,52,202,1,-1,-1,-1
196,2,294,0,214,540,1,-1,-1,-1
196,5,231,152,96,356,1,-1,-1,-1
196,14,-9,-5,196,546,1,-1,-1,-1
196,20,808,154,54,210,1,-1,-1,-1
196,21,695,192,54,210,1,-1,-1,-1
197,2,285,0,220,540,1,-1,-1,-1
197,14,-18,-4,190,545,1,-1,-1,-1
197,20,809,154,54,210,1,-1,-1,-1
197,21,697,196,54,206,1,-1,-1,-1
197,30,464,262,60,239,1,-1,-1,-1
198,2,270,0,226,540,1,-1,-1,-1
198,14,-22,-4,184,545,1,-1,-1,-1
198,20,810,151,54,213,1,-1,-1,-1
198,21,700,196,54,206,1,-1,-1,-1
198,24,170,0,96,536,1,-1,-1,-1
198,30,467,249,64,254,1,-1,-1,-1
199,2,254,0,232,540,1,-1,-1,-1
199,14,-29,-3,177,544,1,-1,-1,-1
199,20,811,149,55,214,1,-1,-1,-1
199,21,700,195,55,207,1,-1,-1,-1
199,24,175,0,101,541,1,-1,-1,-1
199,30,472,239,67,261,1,-1,-1,-1
200,2,243,0,237,540,1,-1,-1,-1
200,14,-37,-3,167,544,1,-1,-1,-1
200,20,813,149,55,213,1,-1,-1,-1
200,21,703,197,54,205,1,-1,-1,-1
200,24,172,15,101,526,1,-1,-1,-1
200,30,482,218,73,280,1,-1,-1,-1
201,2,237,0,241,540,1,-1,-1,-1
201,14,-38,-3,159,543,1,-1,-1,-1
201,20,816,150,55,213,1,-1,-1,-1
201,21,703,200,53,201,1,-1,-1,-1
201,24,164,23,103,519,1,-1,-1,-1
201,30,470,120,100,379,1,-1,-1,-1
201,32,107,49,93,490,1,-1,-1,-1
202,2,215,0,244,540,1,-1,-1,-1
202,14,-47,-8,160,549,1,-1,-1,-1
202,20,818,152,54,207,1,-1,-1,-1
202,21,702,200,54,202,1,-1,-1,-1
202,24,180,26,92,474,1,-1,-1,-1
202,30,470,90,109,408,1,-1,-1,-1
202,32,114,57,92,482,1,-1,-1,-1
203,2,200,0,247,540,1,-1,-1,-1
203,20,819,153,54,209,1,-1,-1,-1
203,21,703,201,54,202,1,-1,-1,-1
203,24,193,27,92,474,1,-1,-1,-1
203,30,471,73,115,426,1,-1,-1,-1
203,32,123,66,91,473,1,-1,-1,-1
204,2,192,0,249,540,1,-1,-1,-1
204,20,820,154,55,209,1,-1,-1,-1
204,21,705,199,55,205,1,-1,-1,-1
204,30,476,73,114,421,1,-1,-1,-1
204,32,124,59,92,480,1,-1,-1,-1
205,2,172,0,252,540,1,-1,-1,-1
205,5,417,163,91,331,1,-1,-1,-1
205,20,821,158,55,206,1,-1,-1,-1
205,21,706,198,55,206,1,-1,-1,-1
205,30,482,75,113,416,1,-1,-1,-1
205,32,130,62,92,477,1,-1,-1,-1
206,2,148,0,255,540,1,-1,-1,-1
206,5,427,161,91,332,1,-1,-1,-1
206,14,-27,133,111,406,1,-1,-1,-1
206,20,822,157,54,205,1,-1,-1,-1
206,21,708,202,55,203,1,-1,-1,-1
206,30,486,76,111,415,1,-1,-1,-1
207,2,129,0,257,540,1,-1,-1,-1
207,5,430,159,91,331,1,-1,-1,-1
207,14,-22,79,121,461,1,-1,-1,-1
207,20,824,156,54,205,1,-1,-1,-1
207,21,707,201,55,205,1,-1,-1,-1
207,30,490,76,109,412,1,-1,-1,-1
208,2,94,0,257,540,1,-1,-1,-1
208,5,433,153,91,333,1,-1,-1,-1
208,14,-16,79,117,460,1,-1,-1,-1
208,19,279,297,66,242,1,-1,-1,-1
208,20,827,152,55,207,1,-1,-1,-1
208,21,709,203,55,203,1,-1,-1,-1
208,30,495,82,106,406,1,-1,-1,-1
208,36,317,168,118,337,1,-1,-1,-1
208,37,760,177,62,199,1,-1,-1,-1
209,2,63,0,258,540,1,-1,-1,-1
209,5,441,152,88,333,1,-1,-1,-1
209,14,-21,26,125,513,1,-1,-1,-1
209,19,280,282,77,257,1,-1,-1,-1
209,20,829,152,55,206,1,-1,-1,-1
209,21,711,201,55,205,1,-1,-1,-1
209,30,507,85,103,402,1,-1,-1,-1
209,36,310,116,136,391,1,-1,-1,-1
209,37,761,178,62,198,1,-1,-1,-1
210,2,39,0,259,540,1,-1,-1,-1
210,5,450,144,85,338,1,-1,-1,-1
210,14,-24,20,127,519,1,-1,-1,-1
210,19,291,282,77,257,1,-1,-1,-1
210,20,831,149,55,208,1,-1,-1,-1
210,21,712,203,55,205,1,-1,-1,-1
210,30,520,82,102,402,1,-1,-1,-1
210,36,307,116,139,399,1,-1,-1,-1
210,37,763,179,61,198,1,-1,-1,-1
211,2,22,0,261,540,1,-1,-1,-1
211,5,460,144,85,337,1,-1,-1,-1
211,20,831,148,55,209,1,-1,-1,-1
211,21,716,201,55,205,1,-1,-1,-1
211,30,528,78,103,407,1,-1,-1,-1
211,32,277,70,99,469,1,-1,-1,-1
211,36,320,118,134,387,1,-1,-1,-1
212,2,5,0,262,540,1,-1,-1,-1
212,5,466,148,81,330,1,-1,-1,-1
212,20,832,147,55,211,1,-1,-1,-1
212,21,715,192,58,215,1,-1,-1,-1
212,30,535,75,103,408,1,-1,-1,-1
212,32,284,76,105,463,1,-1,-1,-1
212,36,328,111,134,393,1,-1,-1,-1
212,37,774,176,59,192,1,-1,-1,-1
213,2,0,0,263,540,1,-1,-1,-1
213,5,474,146,79,333,1,-1,-1,-1
213,20,835,146,55,212,1,-1,-1,-1
213,21,715,188,59,220,1,-1,-1,-1
213,30,543,83,101,403,1,-1,-1,-1
213,32,286,78,109,461,1,-1,-1,-1
213,36,334,100,133,398,1,-1,-1,-1
213,37,780,175,57,191,1,-1,-1,-1
214,2,-1,0,264,540,1,-1,-1,-1
214,5,478,151,75,326,1,-1,-1,-1
214,20,837,143,56,214,1,-1,-1,-1
214,21,717,190,59,218,1,-1,-1,-1
214,30,547,89,100,397,1,-1,-1,-1
214,32,293,53,116,486,1,-1,-1,-1
214,36,338,91,135,415,1,-1,-1,-1
214,37,784,175,56,191,1,-1,-1,-1
215,2,-5,0,264,540,1,-1,-1,-1
215,5,484,153,73,324,1,-1,-1,-1
215,14,193,61,111,478,1,-1,-1,-1
215,20,838,146,55,211,1,-1,-1,-1
215,21,717,187,61,224,1,-1,-1,-1
215,30,552,95,98,391,1,-1,-1,-1
215,32,297,39,123,500,1,-1,-1,-1
215,36,337,71,140,445,1,-1,-1,-1
215,37,788,170,57,196,1,-1,-1,-1
216,2,-8,0,263,540,1,-1,-1,-1
216,5,490,158,70,314,1,-1,-1,-1
216,14,219,69,105,470,1,-1,-1,-1
216,20,840,150,54,206,1,-1,-1,-1
216,21,716,188,62,224,1,-1,-1,-1
216,30,554,96,97,388,1,-1,-1,-1
216,32,296,32,128,507,1,-1,-1,-1
216,36,336,46,149,473,1,-1,-1,-1
216,37,790,167,57,199,1,-1,-1,-1
217,2,-12,0,261,540,1,-1,-1,-1
217,5,496,153,72,323,1,-1,-1,-1
217,14,233,76,100,463,1,-1,-1,-1
217,20,841,152,54,205,1,-1,-1,-1
217,21,719,193,61,220,1,-1,-1,-1
217,30,557,100,96,382,1,-1,-1,-1
217,32,308,44,127,495,1,-1,-1,-1
217,37,795,168,56,198,1,-1,-1,-1
218,2,-13,0,258,540,1,-1,-1,-1
218,5,501,155,71,319,1,-1,-1,-1
218,14,241,77,98,462,1,-1,-1,-1
218,20,841,156,53,200,1,-1,-1,-1
218,21,724,194,60,218,1,-1,-1,-1
218,30,565,103,93,374,1,-1,-1,-1
218,32,320,39,125,497,1,-1,-1,-1
218,37,800,167,56,200,1,-1,-1,-1
219,2,-18,0,253,540,1,-1,-1,-1
219,5,501,156,70,315,1,-1,-1,-1
219,14,252,69,99,470,1,-1,-1,-1
219,20,842,157,53,199,1,-1,-1,-1
219,21,726,198,59,214,1,-1,-1,-1
219,30,571,104,92,368,1,-1,-1,-1
219,32,331,32,125,503,1,-1,-1,-1
219,37,803,167,56,200,1,-1,-1,-1
220,2,23,45,234,494,1,-1,-1,-1
220,5,506,153,69,314,1,-1,-1,-1
220,14,263,69,98,470,1,-1,-1,-1
220,20,844,158,52,196,1,-1,-1,-1
220,21,727,203,58,210,1,-1,-1,-1
220,30,573,108,89,354,1,-1,-1,-1
220,32,345,44,119,482,1,-1,-1,-1
220,37,806,170,55,195,1,-1,-1,-1
221,2,47,61,226,478,1,-1,-1,-1
221,5,517,153,68,312,1,-1,-1,-1
221,14,267,70,100,469,1,-1,-1,-1
221,20,844,154,53,201,1,-1,-1,-1
221,21,727,203,58,210,1,-1,-1,-1
221,30,573,104,90,364,1,-1,-1,-1
221,32,354,49,117,475,1,-1,-1,-1
221,37,807,170,55,196,1,-1,-1,-1
222,2,62,84,215,455,1,-1,-1,-1
222,5,524,153,66,309,1,-1,-1,-1
222,14,272,72,100,467,1,-1,-1,-1
222,20,845,152,54,205,1,-1,-1,-1
222,21,727,202,58,212,1,-1,-1,-1
222,30,576,106,86,353,1,-1,-1,-1
222,32,361,43,120,488,1,-1,-1,-1
222,37,807,172,54,194,1,-1,-1,-1
223,2,63,75,218,464,1,-1,-1,-1
223,5,527,155,64,303,1,-1,-1,-1
223,14,276,72,100,467,1,-1,-1,-1
223,20,847,151,54,207,1,-1,-1,-1
223,21,728,202,58,211,1,-1,-1,-1
223,30,579,101,87,362,1,-1,-1,-1
223,32,367,48,120,489,1,-1,-1,-1
223,37,812,168,57,198,1,-1,-1,-1
224,2,63,70,218,469,1,-1,-1,-1
224,5,530,154,64,309,1,-1,-1,-1
224,14,280,83,98,456,1,-1,-1,-1
224,20,848,151,54,207,1,-1,-1,-1
224,21,730,200,59,213,1,-1,-1,-1
224,30,582,103,86,361,1,-1,-1,-1
224,32,374,59,118,479,1,-1,-1,-1
224,37,816,168,58,198,1,-1,-1,-1
225,2,58,73,213,466,1,-1,-1,-1
225,5,537,156,65,309,1,-1,-1,-1
225,14,285,79,98,460,1,-1,-1,-1
225,21,729,198,60,214,1,-1,-1,-1
225,30,587,105,85,358,1,-1,-1,-1
225,32,381,51,120,484,1,-1,-1,-1
225,37,820,169,58,195,1,-1,-1,-1
226,2,69,64,216,475,1,-1,-1,-1
226,5,541,157,64,306,1,-1,-1,-1
226,14,292,73,98,466,1,-1,-1,-1
226,21,726,198,61,215,1,-1,-1,-1
226,30,590,108,85,355,1,-1,-1,-1
226,32,386,42,122,492,1,-1,-1,-1
226,37,821,169,59,194,1,-1,-1,-1
227,2,79,61,217,478,1,-1,-1,-1
227,5,544,157,64,305,1,-1,-1,-1
227,14,295,67,98,472,1,-1,-1,-1
227,21,728,198,62,215,1,-1,-1,-1
227,30,598,123,81,338,1,-1,-1,-1
227,32,391,49,120,484,1,-1,-1,-1
227,37,827,164,59,197,1,-1,-1,-1
228,2,92,58,217,481,1,-1,-1,-1
228,5,545,164,61,296,1,-1,-1,-1
228,14,307,80,95,459,1,-1,-1,-1
228,21,730,198,64,218,1,-1,-1,-1
228,30,598,115,82,346,1,-1,-1,-1
228,32,396,46,121,488,1,-1,-1,-1
228,37,833,156,61,203,1,-1,-1,-1
229,2,105,63,213,476,1,-1,-1,-1
229,5,548,159,61,297,1,-1,-1,-1
229,14,313,70,97,468,1,-1,-1,-1
229,21,729,196,66,221,1,-1,-1,-1
229,30,599,111,83,348,1,-1,-1,-1
229,32,396,42,124,495,1,-1,-1,-1
229,37,837,154,61,204,1,-1,-1,-1
230,2,117,66,206,473,1,-1,-1,-1
230,5,551,154,61,296,1,-1,-1,-1
230,14,324,74,92,449,1,-1,-1,-1
230,19,208,75,136,464,1,-1,-1,-1
230,21,743,196,65,220,1,-1,-1,-1
230,30,600,108,83,349,1,-1,-1,-1
230,32,405,41,123,497,1,-1,-1,-1
230,37,846,156,61,203,1,-1,-1,-1
231,2,121,68,205,471,1,-1,-1,-1
231,5,553,144,64,310,1,-1,-1,-1
231,14,330,73,93,455,1,-1,-1,-1
231,19,192,65,147,474,1,-1,-1,-1
231,21,749,194,64,223,1,-1,-1,-1
231,30,602,109,83,348,1,-1,-1,-1
231,32,411,39,119,494,1,-1,-1,-1
231,37,851,154,61,204,1,-1,-1,-1
232,5,558,151,61,299,1,-1,-1,-1
232,14,335,65,95,467,1,-1,-1,-1
232,19,191,63,151,476,1,-1,-1,-1
232,21,751,191,63,225,1,-1,-1,-1
232,30,605,110,81,345,1,-1,-1,-1
232,32,417,38,116,491,1,-1,-1,-1
232,37,852,158,60,200,1,-1,-1,-1
233,2,141,88,183,451,1,-1,-1,-1
233,5,564,146,60,300,1,-1,-1,-1
233,14,341,55,95,467,1,-1,-1,-1
233,19,207,66,151,473,1,-1,-1,-1
233,20,871,155,51,198,1,-1,-1,-1
233,21,750,192,63,225,1,-1,-1,-1
233,30,609,109,80,344,1,-1,-1,-1
233,32,422,35,115,498,1,-1,-1,-1
233,37,849,161,59,200,1,-1,-1,-1
234,2,152,89,172,450,1,-1,-1,-1
234,5,570,146,59,300,1,-1,-1,-1
234,14,352,63,94,453,1,-1,-1,-1
234,19,220,70,150,469,1,-1,-1,-1
234,20,876,153,48,194,1,-1,-1,-1
234,21,751,197,61,221,1,-1,-1,-1
234,30,615,109,79,343,1,-1,-1,-1
234,32,427,36,112,500,1,-1,-1,-1
234,37,849,160,60,202,1,-1,-1,-1
235,2,165,84,167,455,1,-1,-1,-1
235,5,576,141,60,305,1,-1,-1,-1
235,14,357,59,97,462,1,-1,-1,-1
235,19,228,74,147,465,1,-1,-1,-1
235,20,880,155,47,191,1,-1,-1,-1
235,21,753,201,59,216,1,-1,-1,-1
235,30,619,123,77,333,1,-1,-1,-1
235,32,435,39,110,496,1,-1,-1,-1
235,37,851,162,60,202,1,-1,-1,-1
236,2,172,82,161,457,1,-1,-1,-1
236,5,579,144,59,303,1,-1,-1,-1
236,14,361,60,98,462,1,-1,-1,-1
236,19,227,67,149,472,1,-1,-1,-1
236,20,882,155,46,190,1,-1,-1,-1
236,21,754,199,59,218,1,-1,-1,-1
236,30,623,127,77,332,1,-1,-1,-1
236,32,444,37,111,499,1,-1,-1,-1
236,37,854,161,61,204,1,-1,-1,-1
237,2,178,86,157,453,1,-1,-1,-1
237,5,580,142,60,307,1,-1,-1,-1
237,14,365,64,98,457,1,-1,-1,-1
237,19,256,85,139,454,1,-1,-1,-1
237,21,756,200,59,218,1,-1,-1,-1
237,30,627,126,76,330,1,-1,-1,-1
237,32,454,48,109,488,1,-1,-1,-1
237,37,856,161,61,203,1,-1,-1,-1
238,2,190,86,153,453,1,-1,-1,-1
238,5,582,148,58,301,1,-1,-1,-1
238,14,370,74,96,444,1,-1,-1,-1
238,19,272,85,135,454,1,-1,-1,-1
238,21,758,201,57,216,1,-1,-1,-1
238,30,632,125,76,329,1,-1,-1,-1
238,32,466,64,109,470,1,-1,-1,-1
238,37,861,156,61,204,1,-1,-1,-1
239,2,198,86,151,453,1,-1,-1,-1
239,5,584,146,58,302,1,-1,-1,-1
239,14,376,80,94,436,1,-1,-1,-1
239,19,282,91,130,448,1,-1,-1,-1
239,21,760,201,57,217,1,-1,-1,-1
239,30,636,114,79,337,1,-1,-1,-1
239,32,469,72,110,464,1,-1,-1,-1
239,37,864,155,60,202,1,-1,-1,-1
240,2,213,88,147,451,1,-1,-1,-1
240,5,587,148,57,298,1,-1,-1,-1
240,14,385,84,91,426,1,-1,-1,-1
240,19,295,95,127,444,1,-1,-1,-1
240,21,762,199,56,217,1,-1,-1,-1
240,30,639,123,77,327,1,-1,-1,-1
240,32,470,73,110,464,1,-1,-1,-1
240,37,869,154,60,202,1,-1,-1,-1
241,2,228,91,142,448,1,-1,-1,-1
241,5,591,151,56,292,1,-1,-1,-1
241,14,392,81,90,428,1,-1,-1,-1
241,19,290,93,128,446,1,-1,-1,-1
241,21,765,199,55,217,1,-1,-1,-1
241,30,643,129,76,321,1,-1,-1,-1
241,32,475,69,110,464,1,-1,-1,-1
241,37,874,155,58,196,1,-1,-1,-1
242,2,239,91,135,448,1,-1,-1,-1
242,5,594,157,55,287,1,-1,-1,-1
242,14,398,86,86,418,1,-1,-1,-1
242,19,283,90,133,449,1,-1,-1,-1
242,21,767,195,55,221,1,-1,-1,-1
242,30,647,132,76,317,1,-1,-1,-1
242,32,477,75,108,450,1,-1,-1,-1
242,37,874,155,58,199,1,-1,-1,-1
243,2,246,92,134,447,1,-1,-1,-1
243,5,601,160,54,280,1,-1,-1,-1
243,14,417,90,82,399,1,-1,-1,-1
243,19,298,88,138,451,1,-1,-1,-1
243,21,769,196,54,221,1,-1,-1,-1
243,30,649,134,76,314,1,-1,-1,-1
243,32,482,82,105,440,1,-1,-1,-1
243,36,440,105,94,354,1,-1,-1,-1
243,37,876,157,57,197,1,-1,-1,-1
244,5,601,143,57,302,1,-1,-1,-1
244,14,425,92,81,393,1,-1,-1,-1
244,19,274,85,130,448,1,-1,-1,-1
244,21,770,196,54,223,1,-1,-1,-1
244,30,649,134,76,313,1,-1,-1,-1
244,32,485,73,107,452,1,-1,-1,-1
244,36,334,111,125,424,1,-1,-1,-1
244,37,877,159,57,197,1,-1,-1,-1
245,5,603,134,59,308,1,-1,-1,-1
245,14,433,97,77,376,1,-1,-1,-1
245,19,271,90,122,447,1,-1,-1,-1
245,21,771,192,55,227,1,-1,-1,-1
245,30,647,129,78,315,1,-1,-1,-1
245,32,492,69,105,454,1,-1,-1,-1
245,36,327,104,133,436,1,-1,-1,-1
245,37,879,160,56,196,1,-1,-1,-1
246,5,604,132,61,315,1,-1,-1,-1
246,14,457,109,73,357,1,-1,-1,-1
246,19,274,91,117,447,1,-1,-1,-1
246,21,773,193,55,227,1,-1,-1,-1
246,30,649,131,77,313,1,-1,-1,-1
246,32,500,69,102,448,1,-1,-1,-1
246,36,330,108,135,433,1,-1,-1,-1
246,37,882,160,56,198,1,-1,-1,-1
247,2,430,115,110,386,1,-1,-1,-1
247,5,605,131,62,321,1,-1,-1,-1
247,14,443,106,77,385,1,-1,-1,-1
247,19,282,92,112,447,1,-1,-1,-1
247,21,773,191,56,230,1,-1,-1,-1
247,30,652,134,76,310,1,-1,-1,-1
247,32,509,85,98,429,1,-1,-1,-1
247,36,334,105,138,436,1,-1,-1,-1
247,37,884,160,55,198,1,-1,-1,-1
248,2,457,126,98,360,1,-1,-1,-1
248,5,608,129,62,323,1,-1,-1,-1
248,14,449,108,76,381,1,-1,-1,-1
248,19,294,93,109,446,1,-1,-1,-1
248,21,771,192,56,229,1,-1,-1,-1
248,30,653,132,75,310,1,-1,-1,-1
248,32,518,89,95,413,1,-1,-1,-1
248,36,341,111,136,430,1,-1,-1,-1
248,37,886,159,55,198,1,-1,-1,-1
249,2,468,125,91,350,1,-1,-1,-1
249,19,303,107,105,432,1,-1,-1,-1
249,21,772,194,56,229,1,-1,-1,-1
249,30,655,126,76,316,1,-1,-1,-1
249,32,524,81,97,419,1,-1,-1,-1
249,36,357,110,135,430,1,-1,-1,-1
249,37,887,160,55,197,1,-1,-1,-1
250,2,487,128,88,341,1,-1,-1,-1
250,19,309,100,107,439,1,-1,-1,-1
250,21,773,194,57,229,1,-1,-1,-1
250,30,660,133,73,304,1,-1,-1,-1
250,32,531,70,102,434,1,-1,-1,-1
250,36,371,105,134,435,1,-1,-1,-1
250,37,888,160,55,198,1,-1,-1,-1
251,19,316,92,110,447,1,-1,-1,-1
251,21,772,192,58,230,1,-1,-1,-1
251,30,664,140,70,292,1,-1,-1,-1
251,32,536,66,103,437,1,-1,-1,-1
251,36,381,100,131,440,1,-1,-1,-1
251,37,890,161,55,196,1,-1,-1,-1
252,5,623,152,57,294,1,-1,-1,-1
252,19,325,89,113,450,1,-1,-1,-1
252,21,769,190,58,231,1,-1,-1,-1
252,30,665,127,72,305,1,-1,-1,-1
252,32,539,62,104,438,1,-1,-1,-1
252,36,391,97,128,443,1,-1,-1,-1
252,37,892,162,54,195,1,-1,-1,-1
253,5,627,153,57,292,1,-1,-1,-1
253,19,331,96,111,443,1,-1,-1,-1
253,21,765,189,57,230,1,-1,-1,-1
253,30,670,136,69,292,1,-1,-1,-1
253,32,540,63,103,436,1,-1,-1,-1
253,36,401,105,122,435,1,-1,-1,-1
253,37,895,164,54,192,1,-1,-1,-1
254,2,497,128,84,345,1,-1,-1,-1
254,19,337,97,109,442,1,-1,-1,-1
254,21,764,188,56,230,1,-1,-1,-1
254,30,672,136,69,295,1,-1,-1,-1
254,32,541,65,103,437,1,-1,-1,-1
254,36,411,106,120,433,1,-1,-1,-1
254,37,897,164,54,192,1,-1,-1,-1
255,2,512,101,92,384,1,-1,-1,-1
255,19,347,89,109,450,1,-1,-1,-1
255,21,765,190,54,226,1,-1,-1,-1
255,30,671,121,72,312,1,-1,-1,-1
255,32,546,63,102,435,1,-1,-1,-1
255,36,421,98,120,442,1,-1,-1,-1
255,37,899,163,53,191,1,-1,-1,-1
256,2,509,105,86,375,1,-1,-1,-1
256,19,356,84,107,455,1,-1,-1,-1
256,21,764,188,54,229,1,-1,-1,-1
256,30,672,117,73,316,1,-1,-1,-1
256,32,552,62,101,433,1,-1,-1,-1
256,36,427,86,122,453,1,-1,-1,-1
256,37,900,164,52,187,1,-1,-1,-1
257,2,511,110,79,360,1,-1,-1,-1
257,19,364,86,105,453,1,-1,-1,-1
257,21,764,190,53,227,1,-1,-1,-1
257,30,674,115,72,317,1,-1,-1,-1
257,32,555,64,101,434,1,-1,-1,-1
257,36,431,84,121,455,1,-1,-1,-1
257,37,901,166,51,185,1,-1,-1,-1
257,45,822,280,40,147,1,-1,-1,-1
258,2,520,110,79,358,1,-1,-1,-1
258,19,374,89,102,450,1,-1,-1,-1
258,21,765,191,53,224,1,-1,-1,-1
258,30,681,127,69,305,1,-1,-1,-1
258,32,557,62,99,431,1,-1,-1,-1
258,36,436,87,121,452,1,-1,-1,-1
258,37,903,163,52,188,1,-1,-1,-1
258,45,825,292,37,136,1,-1,-1,-1
259,19,380,90,100,449,1,-1,-1,-1
259,21,765,193,52,222,1,-1,-1,-1
259,30,686,137,65,290,1,-1,-1,-1
259,32,560,61,98,428,1,-1,-1,-1
259,36,444,90,119,449,1,-1,-1,-1
259,37,905,163,51,185,1,-1,-1,-1
259,45,825,254,46,170,1,-1,-1,-1
260,19,388,93,98,446,1,-1,-1,-1
260,21,764,191,53,225,1,-1,-1,-1
260,30,690,138,64,286,1,-1,-1,-1
260,32,563,62,97,425,1,-1,-1,-1
260,36,451,99,116,441,1,-1,-1,-1
260,37,907,163,51,186,1,-1,-1,-1
260,45,827,244,48,180,1,-1,-1,-1
261,19,401,105,94,427,1,-1,-1,-1
261,21,765,190,53,225,1,-1,-1,-1
261,30,692,137,64,288,1,-1,-1,-1
261,32,567,64,96,427,1,-1,-1,-1
261,36,464,113,111,419,1,-1,-1,-1
261,37,908,161,52,190,1,-1,-1,-1
261,45,832,253,45,170,1,-1,-1,-1
262,19,407,106,94,425,1,-1,-1,-1
262,21,765,186,54,229,1,-1,-1,-1
262,30,695,136,64,290,1,-1,-1,-1
262,32,571,63,97,432,1,-1,-1,-1
262,36,474,113,112,420,1,-1,-1,-1
262,37,909,160,52,191,1,-1,-1,-1
262,45,836,259,44,166,1,-1,-1,-1
263,19,408,102,97,434,1,-1,-1,-1
263,21,767,184,54,229,1,-1,-1,-1
263,30,698,136,65,291,1,-1,-1,-1
263,32,576,71,96,427,1,-1,-1,-1
263,36,481,108,113,428,1,-1,-1,-1
263,37,909,160,52,193,1,-1,-1,-1
263,45,839,260,43,166,1,-1,-1,-1
264,19,411,102,96,431,1,-1,-1,-1
264,21,769,184,53,228,1,-1,-1,-1
264,30,700,140,65,288,1,-1,-1,-1
264,32,579,73,96,424,1,-1,-1,-1
264,36,485,105,111,431,1,-1,-1,-1
264,37,910,160,52,194,1,-1,-1,-1
264,45,842,269,41,158,1,-1,-1,-1
265,19,417,108,94,421,1,-1,-1,-1
265,21,770,186,53,226,1,-1,-1,-1
265,30,700,139,66,289,1,-1,-1,-1
265,32,581,77,97,422,1,-1,-1,-1
265,36,491,107,109,428,1,-1,-1,-1
265,37,910,161,51,192,1,-1,-1,-1
265,45,844,272,41,158,1,-1,-1,-1
266,2,657,162,52,246,1,-1,-1,-1
266,19,426,106,94,423,1,-1,-1,-1
266,21,770,192,51,219,1,-1,-1,-1
266,30,702,143,65,282,1,-1,-1,-1
266,32,585,80,94,411,1,-1,-1,-1
266,36,499,108,108,429,1,-1,-1,-1
266,37,912,162,50,189,1,-1,-1,-1
266,45,847,280,39,152,1,-1,-1,-1
267,2,671,165,50,237,1,-1,-1,-1
267,19,432,103,93,426,1,-1,-1,-1
267,21,771,192,51,219,1,-1,-1,-1
267,30,705,146,64,277,1,-1,-1,-1
267,32,589,85,91,401,1,-1,-1,-1
267,36,508,107,109,431,1,-1,-1,-1
267,37,912,162,49,189,1,-1,-1,-1
267,45,850,287,37,144,1,-1,-1,-1
268,19,440,99,92,429,1,-1,-1,-1
268,21,772,191,50,220,1,-1,-1,-1
268,30,707,149,62,270,1,-1,-1,-1
268,32,593,85,91,402,1,-1,-1,-1
268,36,517,109,108,425,1,-1,-1,-1
268,37,914,164,48,185,1,-1,-1,-1
268,45,850,256,44,175,1,-1,-1,-1
269,2,672,187,47,228,1,-1,-1,-1
269,19,445,100,90,426,1,-1,-1,-1
269,21,772,197,49,214,1,-1,-1,-1
269,30,709,154,61,263,1,-1,-1,-1
269,32,598,85,89,398,1,-1,-1,-1
269,36,520,110,109,425,1,-1,-1,-1
269,37,915,165,46,181,1,-1,-1,-1
269,45,853,250,45,181,1,-1,-1,-1
270,2,683,193,45,220,1,-1,-1,-1
270,19,450,102,86,421,1,-1,-1,-1
270,21,773,198,48,213,1,-1,-1,-1
270,30,712,153,62,266,1,-1,-1,-1
270,32,603,83,87,393,1,-1,-1,-1
270,36,523,114,109,423,1,-1,-1,-1
270,37,915,165,46,181,1,-1,-1,-1
270,45,856,262,42,169,1,-1,-1,-1
271,19,455,103,84,419,1,-1,-1,-1
271,21,773,193,49,219,1,-1,-1,-1
271,30,714,155,61,262,1,-1,-1,-1
271,32,609,79,86,394,1,-1,-1,-1
271,36,528,122,108,412,1,-1,-1,-1
271,37,915,165,46,182,1,-1,-1,-1
271,45,859,265,42,168,1,-1,-1,-1
272,19,458,103,81,411,1,-1,-1,-1
272,21,769,187,50,226,1,-1,-1,-1
272,30,715,156,60,259,1,-1,-1,-1
272,32,612,76,87,401,1,-1,-1,-1
272,36,531,116,109,415,1,-1,-1,-1
272,37,916,165,45,182,1,-1,-1,-1
272,45,862,261,43,172,1,-1,-1,-1
273,19,471,105,81,404,1,-1,-1,-1
273,21,769,186,50,227,1,-1,-1,-1
273,30,716,157,59,256,1,-1,-1,-1
273,32,618,78,86,401,1,-1,-1,-1
273,36,540,106,108,419,1,-1,-1,-1
273,37,917,166,45,183,1,-1,-1,-1
273,45,864,262,43,172,1,-1,-1,-1
274,19,479,115,80,393,1,-1,-1,-1
274,21,771,184,51,228,1,-1,-1,-1
274,30,719,161,57,251,1,-1,-1,-1
274,32,621,76,87,408,1,-1,-1,-1
274,36,544,94,108,430,1,-1,-1,-1
274,37,918,169,44,180,1,-1,-1,-1
274,45,865,261,43,174,1,-1,-1,-1
275,19,484,115,81,390,1,-1,-1,-1
275,21,775,183,51,229,1,-1,-1,-1
275,30,720,157,57,255,1,-1,-1,-1
275,32,627,75,85,395,1,-1,-1,-1
275,36,549,90,108,435,1,-1,-1,-1
275,37,919,169,43,180,1,-1,-1,-1
275,45,866,262,43,174,1,-1,-1,-1
276,19,484,117,80,386,1,-1,-1,-1
276,21,780,179,53,235,1,-1,-1,-1
276,30,723,155,56,254,1,-1,-1,-1
276,32,637,81,79,360,1,-1,-1,-1
276,36,557,90,105,428,1,-1,-1,-1
276,37,920,172,42,176,1,-1,-1,-1
276,45,867,257,44,180,1,-1,-1,-1
277,19,486,107,83,396,1,-1,-1,-1
277,21,782,178,54,238,1,-1,-1,-1
277,30,725,150,56,256,1,-1,-1,-1
277,32,639,83,81,370,1,-1,-1,-1
277,36,566,106,97,398,1,-1,-1,-1
277,37,921,171,41,177,1,-1,-1,-1
277,45,867,256,44,182,1,-1,-1,-1
278,19,489,109,81,391,1,-1,-1,-1
278,21,783,181,53,235,1,-1,-1,-1
278,30,729,152,54,247,1,-1,-1,-1
278,32,642,87,82,375,1,-1,-1,-1
278,36,574,117,93,383,1,-1,-1,-1
278,37,923,172,40,175,1,-1,-1,-1
278,45,869,255,44,184,1,-1,-1,-1
279,19,491,112,78,384,1,-1,-1,-1
279,21,784,185,52,230,1,-1,-1,-1
279,30,730,156,55,245,1,-1,-1,-1
279,32,644,87,82,376,1,-1,-1,-1
279,36,578,118,93,380,1,-1,-1,-1
279,37,925,172,38,174,1,-1,-1,-1
280,19,495,113,76,379,1,-1,-1,-1
280,21,785,186,52,229,1,-1,-1,-1
280,30,730,158,56,247,1,-1,-1,-1
280,32,648,88,80,371,1,-1,-1,-1
280,36,581,119,93,378,1,-1,-1,-1
280,37,926,170,38,174,1,-1,-1,-1
280,45,865,262,42,177,1,-1,-1,-1
281,19,504,109,77,383,1,-1,-1,-1
281,21,787,192,50,222,1,-1,-1,-1
281,30,730,157,58,252,1,-1,-1,-1
281,32,651,87,78,359,1,-1,-1,-1
281,36,584,117,94,380,1,-1,-1,-1
281,37,928,170,36,173,1,-1,-1,-1
281,45,864,264,41,174,1,-1,-1,-1
282,19,510,107,77,385,1,-1,-1,-1
282,21,788,193,50,222,1,-1,-1,-1
282,30,732,162,57,246,1,-1,-1,-1
282,32,654,88,80,368,1,-1,-1,-1
282,36,586,119,98,388,1,-1,-1,-1
282,37,929,168,35,175,1,-1,-1,-1
282,45,862,260,42,180,1,-1,-1,-1
283,19,520,106,76,383,1,-1,-1,-1
283,21,791,199,49,215,1,-1,-1,-1
283,30,733,164,57,244,1,-1,-1,-1
283,32,656,88,77,352,1,-1,-1,-1
283,36,595,127,98,383,1,-1,-1,-1
283,37,930,168,34,174,1,-1,-1,-1
283,45,861,259,43,181,1,-1,-1,-1
284,19,527,108,76,378,1,-1,-1,-1
284,21,793,200,49,214,1,-1,-1,-1
284,32,660,89,76,348,1,-1,-1,-1
284,36,603,135,96,375,1,-1,-1,-1
284,37,931,168,33,173,1,-1,-1,-1
284,45,859,260,44,180,1,-1,-1,-1
285,19,531,109,76,375,1,-1,-1,-1
285,21,794,204,48,208,1,-1,-1,-1
285,30,741,163,56,241,1,-1,-1,-1
285,36,607,119,97,381,1,-1,-1,-1
285,37,932,168,32,173,1,-1,-1,-1
285,45,859,261,45,179,1,-1,-1,-1
286,19,535,111,76,371,1,-1,-1,-1
286,21,796,211,46,198,1,-1,-1,-1
286,30,745,160,55,239,1,-1,-1,-1
286,36,618,124,95,371,1,-1,-1,-1
286,37,933,168,31,173,1,-1,-1,-1
286,45,856,260,47,181,1,-1,-1,-1
287,19,539,112,77,370,1,-1,-1,-1
287,21,798,218,45,188,1,-1,-1,-1
287,30,747,160,56,241,1,-1,-1,-1
287,32,663,86,75,346,1,-1,-1,-1
287,36,624,107,98,387,1,-1,-1,-1
287,37,934,168,30,170,1,-1,-1,-1
287,45,855,260,48,182,1,-1,-1,-1
288,19,543,115,78,370,1,-1,-1,-1
288,21,800,225,43,178,1,-1,-1,-1
288,30,751,158,57,244,1,-1,-1,-1
288,32,610,104,73,345,1,-1,-1,-1
288,36,630,98,101,401,1,-1,-1,-1
288,37,935,168,27,157,1,-1,-1,-1
288,45,853,258,50,184,1,-1,-1,-1
289,19,545,117,80,370,1,-1,-1,-1
289,21,799,236,41,170,1,-1,-1,-1
289,30,756,154,58,249,1,-1,-1,-1
289,32,594,113,71,341,1,-1,-1,-1
289,36,637,100,100,398,1,-1,-1,-1
289,37,936,168,25,149,1,-1,-1,-1
289,45,852,260,50,181,1,-1,-1,-1
289,46,841,209,28,97,1,-1,-1,-1
290,19,546,118,80,370,1,-1,-1,-1
290,21,799,244,39,161,1,-1,-1,-1
290,30,758,154,59,249,1,-1,-1,-1
290,32,590,117,69,339,1,-1,-1,-1
290,36,641,99,99,393,1,-1,-1,-1
290,37,937,169,24,145,1,-1,-1,-1
290,45,851,260,51,181,1,-1,-1,-1
290,46,840,209,28,97,1,-1,-1,-1
291,2,690,96,64,298,1,-1,-1,-1
291,19,550,123,79,360,1,-1,-1,-1
291,21,800,249,38,156,1,-1,-1,-1
291,30,761,138,64,270,1,-1,-1,-1
291,32,591,122,66,327,1,-1,-1,-1
291,36,645,100,98,391,1,-1,-1,-1
291,37,938,171,22,140,1,-1,-1,-1
291,45,849,261,51,179,1,-1,-1,-1
291,46,840,210,28,97,1,-1,-1,-1
292,2,693,100,64,298,1,-1,-1,-1
292,19,552,125,79,355,1,-1,-1,-1
292,30,763,133,67,278,1,-1,-1,-1
292,32,595,124,64,319,1,-1,-1,-1
292,36,648,103,98,389,1,-1,-1,-1
292,37,939,173,21,136,1,-1,-1,-1
292,45,849,268,50,172,1,-1,-1,-1
292,46,840,210,28,95,1,-1,-1,-1
293,2,697,105,63,296,1,-1,-1,-1
293,19,552,124,79,355,1,-1,-1,-1
293,30,766,134,67,277,1,-1,-1,-1
293,32,601,125,63,313,1,-1,-1,-1
293,36,652,105,99,391,1,-1,-1,-1
293,37,939,174,21,135,1,-1,-1,-1
293,45,847,273,49,167,1,-1,-1,-1
293,46,840,210,27,93,1,-1,-1,-1
294,2,698,102,64,299,1,-1,-1,-1
294,19,552,123,77,353,1,-1,-1,-1
294,30,770,148,64,261,1,-1,-1,-1
294,32,605,125,62,311,1,-1,-1,-1
294,36,655,108,99,389,1,-1,-1,-1
294,37,939,173,21,134,1,-1,-1,-1
294,45,847,279,49,162,1,-1,-1,-1
294,46,840,209,28,94,1,-1,-1,-1
295,19,553,122,76,350,1,-1,-1,-1
295,30,771,156,63,252,1,-1,-1,-1
295,32,608,128,62,309,1,-1,-1,-1
295,36,658,106,99,391,1,-1,-1,-1
295,37,939,173,21,134,1,-1,-1,-1
295,45,847,283,48,156,1,-1,-1,-1
295,46,840,209,28,96,1,-1,-1,-1
296,19,553,119,76,354,1,-1,-1,-1
296,30,774,157,64,255,1,-1,-1,-1
296,32,610,129,61,304,1,-1,-1,-1
296,36,663,103,98,391,1,-1,-1,-1
296,37,939,173,21,136,1,-1,-1,-1
296,45,843,273,51,165,1,-1,-1,-1
296,46,840,209,28,96,1,-1,-1,-1
297,19,553,119,75,355,1,-1,-1,-1
297,30,775,154,65,260,1,-1,-1,-1
297,32,612,134,60,294,1,-1,-1,-1
297,36,667,104,96,385,1,-1,-1,-1
297,37,938,173,21,137,1,-1,-1,-1
297,45,843,275,50,162,1,-1,-1,-1
297,46,840,210,28,94,1,-1,-1,-1
298,19,556,130,71,339,1,-1,-1,-1
298,30,778,158,63,252,1,-1,-1,-1
298,32,615,134,61,296,1,-1,-1,-1
298,36,672,104,96,387,1,-1,-1,-1
298,37,939,171,21,138,1,-1,-1,-1
298,45,842,278,50,159,1,-1,-1,-1
298,46,840,210,28,94,1,-1,-1,-1
299,19,557,121,73,350,1,-1,-1,-1
299,30,781,164,62,248,1,-1,-1,-1
299,32,618,129,64,304,1,-1,-1,-1
299,36,675,104,95,387,1,-1,-1,-1
299,37,939,171,21,137,1,-1,-1,-1
299,45,842,279,50,159,1,-1,-1,-1
300,19,562,119,73,354,1,-1,-1,-1
300,30,782,160,63,253,1,-1,-1,-1
300,32,620,128,66,308,1,-1,-1,-1
300,36,678,103,94,387,1,-1,-1,-1
300,45,842,277,50,160,1,-1,-1,-1
301,19,567,118,73,354,1,-1,-1,-1
301,21,797,253,39,156,1,-1,-1,-1
301,30,784,160,63,253,1,-1,-1,-1
301,32,621,127,68,317,1,-1,-1,-1
301,36,682,103,94,386,1,-1,-1,-1
301,45,842,275,50,162,1,-1,-1,-1
302,19,570,119,73,351,1,-1,-1,-1
302,21,798,254,40,156,1,-1,-1,-1
302,30,782,157,60,245,1,-1,-1,-1
302,32,623,124,68,318,1,-1,-1,-1
302,36,683,103,93,382,1,-1,-1,-1
302,45,843,273,50,163,1,-1,-1,-1
303,19,572,121,72,350,1,-1,-1,-1
303,21,798,258,40,152,1,-1,-1,-1
303,30,784,157,60,244,1,-1,-1,-1
303,32,627,124,68,316,1,-1,-1,-1
303,36,688,105,89,364,1,-1,-1,-1
303,45,845,270,50,167,1,-1,-1,-1
304,19,573,122,71,349,1,-1,-1,-1
304,21,799,260,41,150,1,-1,-1,-1
304,32,630,120,69,321,1,-1,-1,-1
304,36,690,106,90,364,1,-1,-1,-1
304,37,941,177,19,129,1,-1,-1,-1
304,45,846,265,51,169,1,-1,-1,-1
305,19,574,124,70,347,1,-1,-1,-1
305,21,799,256,43,156,1,-1,-1,-1
305,32,632,119,69,323,1,-1,-1,-1
305,36,692,108,91,367,1,-1,-1,-1
305,37,941,178,19,127,1,-1,-1,-1
305,45,847,267,50,168,1,-1,-1,-1
306,19,577,123,69,346,1,-1,-1,-1
306,21,798,246,47,166,1,-1,-1,-1
306,32,634,119,69,323,1,-1,-1,-1
306,36,694,110,92,372,1,-1,-1,-1
306,37,940,178,19,128,1,-1,-1,-1
306,45,845,254,53,182,1,-1,-1,-1
307,19,578,124,68,342,1,-1,-1,-1
307,21,798,244,48,169,1,-1,-1,-1
307,32,636,118,69,320,1,-1,-1,-1
307,36,695,112,93,374,1,-1,-1,-1
307,37,941,178,19,127,1,-1,-1,-1
307,45,846,260,51,176,1,-1,-1,-1
308,19,583,129,66,336,1,-1,-1,-1
308,21,798,247,48,166,1,-1,-1,-1
308,32,641,122,68,315,1,-1,-1,-1
308,36,697,113,93,371,1,-1,-1,-1
308,45,847,269,49,167,1,-1,-1,-1
309,19,585,128,67,334,1,-1,-1,-1
309,21,796,235,51,178,1,-1,-1,-1
309,32,642,125,67,310,1,-1,-1,-1
309,36,701,113,91,366,1,-1,-1,-1
309,45,846,275,47,161,1,-1,-1,-1
310,19,587,127,67,334,1,-1,-1,-1
310,21,796,224,54,190,1,-1,-1,-1
310,32,645,127,65,305,1,-1,-1,-1
310,36,703,112,90,360,1,-1,-1,-1
310,37,941,177,19,132,1,-1,-1,-1
310,45,846,278,47,160,1,-1,-1,-1
311,19,593,132,67,327,1,-1,-1,-1
311,21,794,212,58,205,1,-1,-1,-1
311,30,810,156,49,202,1,-1,-1,-1
311,32,648,127,65,302,1,-1,-1,-1
311,36,704,111,90,360,1,-1,-1,-1
311,37,941,177,19,133,1,-1,-1,-1
311,45,845,273,48,164,1,-1,-1,-1
312,19,598,136,67,321,1,-1,-1,-1
312,21,793,198,62,220,1,-1,-1,-1
312,30,812,151,52,211,1,-1,-1,-1
312,32,649,124,66,306,1,-1,-1,-1
312,36,707,111,89,359,1,-1,-1,-1
312,37,940,176,19,136,1,-1,-1,-1
312,45,844,265,50,171,1,-1,-1,-1
313,19,600,141,67,314,1,-1,-1,-1
313,21,794,176,68,245,1,-1,-1,-1
313,30,814,151,51,209,1,-1,-1,-1
313,32,651,125,66,305,1,-1,-1,-1
313,36,708,111,89,358,1,-1,-1,-1
313,37,940,174,20,140,1,-1,-1,-1
313,45,844,263,50,173,1,-1,-1,-1
314,19,602,143,67,311,1,-1,-1,-1
314,21,792,189,62,228,1,-1,-1,-1
314,32,652,127,65,295,1,-1,-1,-1
314,36,710,111,90,358,1,-1,-1,-1
314,37,939,174,20,143,1,-1,-1,-1
314,45,843,260,50,175,1,-1,-1,-1
315,19,604,142,69,312,1,-1,-1,-1
315,21,793,213,56,205,1,-1,-1,-1
315,30,819,154,55,221,1,-1,-1,-1
315,32,652,123,67,305,1,-1,-1,-1
315,36,712,110,89,357,1,-1,-1,-1
315,37,938,173,22,155,1,-1,-1,-1
315,45,843,265,49,170,1,-1,-1,-1
316,19,605,137,72,318,1,-1,-1,-1
316,21,791,205,57,209,1,-1,-1,-1
316,30,824,160,51,201,1,-1,-1,-1
316,32,653,118,65,297,1,-1,-1,-1
316,36,714,109,89,356,1,-1,-1,-1
316,37,938,173,22,157,1,-1,-1,-1
316,45,842,262,50,173,1,-1,-1,-1
317,19,604,136,73,320,1,-1,-1,-1
317,21,791,207,55,206,1,-1,-1,-1
317,30,828,163,49,185,1,-1,-1,-1
317,32,653,119,63,289,1,-1,-1,-1
317,36,715,110,88,354,1,-1,-1,-1
317,37,938,174,22,158,1,-1,-1,-1
317,45,841,261,50,174,1,-1,-1,-1
318,19,604,145,72,305,1,-1,-1,-1
318,21,793,218,53,196,1,-1,-1,-1
318,30,831,164,48,181,1,-1,-1,-1
318,32,655,117,64,297,1,-1,-1,-1
318,36,716,112,87,353,1,-1,-1,-1
318,37,938,174,22,160,1,-1,-1,-1
318,45,841,260,50,176,1,-1,-1,-1
319,19,603,148,72,301,1,-1,-1,-1
319,21,792,211,54,203,1,-1,-1,-1
319,30,832,165,42,148,1,-1,-1,-1
319,32,659,118,65,299,1,-1,-1,-1
319,36,719,122,82,328,1,-1,-1,-1
319,37,938,177,22,157,1,-1,-1,-1
319,45,840,261,50,176,1,-1,-1,-1
320,2,581,147,59,286,1,-1,-1,-1
320,19,603,147,73,299,1,-1,-1,-1
320,21,793,222,51,193,1,-1,-1,-1
320,30,835,166,40,140,1,-1,-1,-1
320,32,661,122,65,296,1,-1,-1,-1
320,36,718,118,85,340,1,-1,-1,-1
320,37,938,178,21,154,1,-1,-1,-1
320,45,840,262,50,176,1,-1,-1,-1
321,2,580,150,57,280,1,-1,-1,-1
321,19,603,146,73,294,1,-1,-1,-1
321,21,793,227,50,188,1,-1,-1,-1
321,32,663,122,64,295,1,-1,-1,-1
321,36,719,117,85,341,1,-1,-1,-1
321,37,939,178,20,144,1,-1,-1,-1
321,45,839,263,50,175,1,-1,-1,-1
322,2,580,149,57,281,1,-1,-1,-1
322,19,605,146,75,297,1,-1,-1,-1
322,21,793,227,50,189,1,-1,-1,-1
322,32,665,135,60,283,1,-1,-1,-1
322,36,720,118,85,340,1,-1,-1,-1
322,37,939,179,20,144,1,-1,-1,-1
322,45,838,262,50,176,1,-1,-1,-1
323,2,582,149,57,281,1,-1,-1,-1
323,19,613,143,73,293,1,-1,-1,-1
323,21,793,220,51,194,1,-1,-1,-1
323,32,662,123,63,301,1,-1,-1,-1
323,36,721,117,84,338,1,-1,-1,-1
323,37,939,179,20,143,1,-1,-1,-1
323,45,837,260,50,177,1,-1,-1,-1
324,2,579,151,56,280,1,-1,-1,-1
324,19,604,144,74,290,1,-1,-1,-1
324,21,792,216,51,198,1,-1,-1,-1
324,32,668,129,60,288,1,-1,-1,-1
324,36,724,124,81,320,1,-1,-1,-1
324,37,939,180,20,143,1,-1,-1,-1
324,45,837,260,50,177,1,-1,-1,-1
325,2,582,155,56,279,1,-1,-1,-1
325,19,615,152,71,280,1,-1,-1,-1
325,21,792,211,51,202,1,-1,-1,-1
325,32,671,135,57,278,1,-1,-1,-1
325,36,721,119,83,329,1,-1,-1,-1
325,45,837,260,51,177,1,-1,-1,-1
326,2,583,161,54,270,1,-1,-1,-1
326,19,622,157,68,276,1,-1,-1,-1
326,21,792,204,53,211,1,-1,-1,-1
326,32,673,141,55,273,1,-1,-1,-1
326,36,720,118,85,332,1,-1,-1,-1
326,45,837,259,52,178,1,-1,-1,-1
327,2,581,162,54,269,1,-1,-1,-1
327,19,623,149,70,286,1,-1,-1,-1
327,21,792,197,53,219,1,-1,-1,-1
327,32,674,141,55,272,1,-1,-1,-1
327,36,720,119,85,333,1,-1,-1,-1
327,45,832,249,55,188,1,-1,-1,-1
328,2,578,153,58,284,1,-1,-1,-1
328,19,628,157,69,280,1,-1,-1,-1
328,21,792,191,54,225,1,-1,-1,-1
328,32,676,143,54,270,1,-1,-1,-1
328,36,725,144,78,302,1,-1,-1,-1
328,37,940,181,20,143,1,-1,-1,-1
328,45,831,247,56,190,1,-1,-1,-1
329,2,577,148,60,292,1,-1,-1,-1
329,19,630,158,69,279,1,-1,-1,-1
329,21,791,188,54,228,1,-1,-1,-1
329,36,726,151,77,292,1,-1,-1,-1
329,37,940,181,19,141,1,-1,-1,-1
330,2,577,144,61,296,1,-1,-1,-1
330,19,632,159,68,277,1,-1,-1,-1
330,21,793,189,53,225,1,-1,-1,-1
330,36,726,157,76,289,1,-1,-1,-1
330,37,940,182,19,141,1,-1,-1,-1
331,2,578,142,61,299,1,-1,-1,-1
331,19,635,160,68,276,1,-1,-1,-1
331,21,793,182,54,233,1,-1,-1,-1
331,36,725,159,77,288,1,-1,-1,-1
332,2,577,142,62,299,1,-1,-1,-1
332,19,642,158,69,277,1,-1,-1,-1
332,21,794,180,54,236,1,-1,-1,-1
332,36,725,158,78,291,1,-1,-1,-1
333,2,577,142,61,299,1,-1,-1,-1
333,19,647,149,71,285,1,-1,-1,-1
333,21,797,182,54,236,1,-1,-1,-1
333,36,722,137,83,314,1,-1,-1,-1
334,2,576,142,61,299,1,-1,-1,-1
334,19,649,145,73,289,1,-1,-1,-1
334,21,799,186,53,231,1,-1,-1,-1
334,36,721,131,83,317,1,-1,-1,-1
335,2,575,142,61,299,1,-1,-1,-1
335,19,651,142,73,289,1,-1,-1,-1
335,21,800,189,51,225,1,-1,-1,-1
335,36,721,133,82,313,1,-1,-1,-1
336,2,576,143,61,296,1,-1,-1,-1
336,19,652,143,71,286,1,-1,-1,-1
336,21,796,182,53,231,1,-1,-1,-1
336,36,721,138,79,303,1,-1,-1,-1
337,2,576,143,60,296,1,-1,-1,-1
337,19,653,150,70,284,1,-1,-1,-1
337,21,796,184,52,229,1,-1,-1,-1
337,32,613,139,73,301,1,-1,-1,-1
337,36,721,140,78,299,1,-1,-1,-1
338,2,577,142,60,298,1,-1,-1,-1
338,19,655,148,70,285,1,-1,-1,-1
338,21,800,179,52,232,1,-1,-1,-1
338,30,862,161,58,212,1,-1,-1,-1
338,32,605,140,83,301,1,-1,-1,-1
338,36,721,155,74,281,1,-1,-1,-1
339,2,577,140,61,301,1,-1,-1,-1
339,19,658,148,69,284,1,-1,-1,-1
339,21,802,175,53,237,1,-1,-1,-1
339,30,864,160,56,214,1,-1,-1,-1
339,32,602,140,84,303,1,-1,-1,-1
339,36,720,157,74,279,1,-1,-1,-1
340,2,577,138,61,304,1,-1,-1,-1
340,19,660,142,70,291,1,-1,-1,-1
340,21,808,172,56,247,1,-1,-1,-1
340,30,866,162,55,212,1,-1,-1,-1
340,36,720,157,74,280,1,-1,-1,-1
341,2,576,137,61,305,1,-1,-1,-1
341,19,664,146,67,284,1,-1,-1,-1
341,21,812,175,57,248,1,-1,-1,-1
341,30,869,163,55,214,1,-1,-1,-1
341,36,722,150,76,289,1,-1,-1,-1
342,2,576,135,62,307,1,-1,-1,-1
342,19,666,148,67,281,1,-1,-1,-1
342,21,818,180,59,247,1,-1,-1,-1
342,30,870,162,55,216,1,-1,-1,-1
342,36,722,144,78,296,1,-1,-1,-1
342,48,803,168,40,241,1,-1,-1,-1
343,2,575,134,62,309,1,-1,-1,-1
343,19,667,146,67,283,1,-1,-1,-1
343,21,817,183,60,245,1,-1,-1,-1
343,30,870,166,53,210,1,-1,-1,-1
343,32,552,141,74,281,1,-1,-1,-1
343,36,724,146,77,290,1,-1,-1,-1
343,48,804,174,38,230,1,-1,-1,-1
344,2,575,131,63,314,1,-1,-1,-1
344,19,668,142,67,289,1,-1,-1,-1
344,21,819,182,61,247,1,-1,-1,-1
344,30,871,168,51,206,1,-1,-1,-1
344,32,549,160,60,237,1,-1,-1,-1
344,36,725,145,75,285,1,-1,-1,-1
344,48,805,169,39,235,1,-1,-1,-1
345,2,575,130,63,316,1,-1,-1,-1
345,19,669,141,67,290,1,-1,-1,-1
345,30,870,172,50,202,1,-1,-1,-1
345,32,548,164,56,227,1,-1,-1,-1
345,36,726,144,75,284,1,-1,-1,-1
345,48,807,171,38,225,1,-1,-1,-1
346,2,574,131,64,318,1,-1,-1,-1
346,19,672,142,66,288,1,-1,-1,-1
346,30,870,188,46,184,1,-1,-1,-1
346,32,543,166,55,221,1,-1,-1,-1
346,36,728,145,74,282,1,-1,-1,-1
346,48,806,175,38,218,1,-1,-1,-1
347,2,574,132,63,317,1,-1,-1,-1
347,19,674,142,66,288,1,-1,-1,-1
347,30,871,196,44,176,1,-1,-1,-1
347,36,729,144,74,283,1,-1,-1,-1
347,48,807,173,38,218,1,-1,-1,-1
348,2,573,135,63,316,1,-1,-1,-1
348,19,676,142,66,290,1,-1,-1,-1
348,30,872,197,43,174,1,-1,-1,-1
348,32,544,144,65,274,1,-1,-1,-1
348,36,732,146,73,278,1,-1,-1,-1
348,48,809,174,38,215,1,-1,-1,-1
349,2,570,129,65,323,1,-1,-1,-1
349,19,679,141,65,290,1,-1,-1,-1
349,30,873,195,43,175,1,-1,-1,-1
349,32,540,143,66,276,1,-1,-1,-1
349,36,733,146,73,276,1,-1,-1,-1
349,48,811,172,38,211,1,-1,-1,-1
350,2,567,126,66,326,1,-1,-1,-1
350,19,682,142,64,286,1,-1,-1,-1
350,21,842,194,56,230,1,-1,-1,-1
350,30,875,197,43,172,1,-1,-1,-1
350,36,735,146,72,273,1,-1,-1,-1
350,48,813,175,38,203,1,-1,-1,-1
351,2,566,124,66,329,1,-1,-1,-1
351,19,684,140,63,286,1,-1,-1,-1
351,21,851,196,56,220,1,-1,-1,-1
351,30,877,201,43,169,1,-1,-1,-1
351,36,736,148,71,269,1,-1,-1,-1
351,48,814,179,37,197,1,-1,-1,-1
352,2,565,125,66,329,1,-1,-1,-1
352,19,687,142,61,280,1,-1,-1,-1
352,21,846,191,60,233,1,-1,-1,-1
352,30,878,202,43,167,1,-1,-1,-1
352,36,738,149,71,266,1,-1,-1,-1
352,48,816,180,36,193,1,-1,-1,-1
353,2,563,123,67,331,1,-1,-1,-1
353,19,689,146,59,274,1,-1,-1,-1
353,21,846,188,62,240,1,-1,-1,-1
353,30,879,199,43,169,1,-1,-1,-1
353,36,739,150,70,264,1,-1,-1,-1
354,2,561,128,67,327,1,-1,-1,-1
354,19,690,146,59,276,1,-1,-1,-1
354,21,847,185,64,245,1,-1,-1,-1
354,30,881,198,42,168,1,-1,-1,-1
354,36,742,151,69,260,1,-1,-1,-1
355,2,559,132,67,324,1,-1,-1,-1
355,19,692,149,58,274,1,-1,-1,-1
355,21,849,185,65,244,1,-1,-1,-1
355,30,883,200,42,169,1,-1,-1,-1
355,36,743,154,69,258,1,-1,-1,-1
356,2,557,133,68,324,1,-1,-1,-1
356,19,695,154,56,266,1,-1,-1,-1
356,21,848,181,67,249,1,-1,-1,-1
356,30,880,186,48,195,1,-1,-1,-1
356,36,744,152,69,262,1,-1,-1,-1
357,2,556,129,70,332,1,-1,-1,-1
357,19,696,157,56,262,1,-1,-1,-1
357,21,848,177,69,253,1,-1,-1,-1
357,30,881,185,49,197,1,-1,-1,-1
357,36,745,152,69,263,1,-1,-1,-1
358,2,556,129,70,334,1,-1,-1,-1
358,19,698,161,55,257,1,-1,-1,-1
358,21,859,180,67,248,1,-1,-1,-1
358,36,747,155,69,262,1,-1,-1,-1
358,48,837,175,51,247,1,-1,-1,-1
359,2,554,122,72,343,1,-1,-1,-1
359,19,701,162,54,255,1,-1,-1,-1
359,21,865,175,69,255,1,-1,-1,-1
359,30,892,191,44,176,1,-1,-1,-1
359,36,750,161,67,256,1,-1,-1,-1
359,48,843,159,56,265,1,-1,-1,-1
360,2,554,119,73,347,1,-1,-1,-1
360,19,704,163,53,250,1,-1,-1,-1
360,21,866,177,68,253,1,-1,-1,-1
360,30,895,192,42,171,1,-1,-1,-1
360,36,753,163,65,250,1,-1,-1,-1
360,48,846,158,57,269,1,-1,-1,-1
361,2,556,130,71,335,1,-1,-1,-1
361,19,708,165,53,248,1,-1,-1,-1
361,21,866,178,69,254,1,-1,-1,-1
361,30,895,195,42,171,1,-1,-1,-1
361,36,755,160,66,254,1,-1,-1,-1
361,50,-2,397,88,142,1,-1,-1,-1
362,2,556,124,73,344,1,-1,-1,-1
362,19,710,165,53,247,1,-1,-1,-1
362,21,866,175,71,260,1,-1,-1,-1
362,30,897,195,42,171,1,-1,-1,-1
362,36,756,158,67,258,1,-1,-1,-1
362,50,-2,388,93,151,1,-1,-1,-1
363,2,556,121,73,348,1,-1,-1,-1
363,19,711,162,54,250,1,-1,-1,-1
363,21,861,176,72,263,1,-1,-1,-1
363,30,898,195,42,171,1,-1,-1,-1
363,36,757,157,68,261,1,-1,-1,-1
363,48,888,188,49,234,1,-1,-1,-1
364,2,554,119,74,351,1,-1,-1,-1
364,19,713,159,54,250,1,-1,-1,-1
364,21,861,180,72,262,1,-1,-1,-1
364,36,762,156,66,256,1,-1,-1,-1
364,48,894,189,49,237,1,-1,-1,-1
365,2,553,118,75,353,1,-1,-1,-1
365,19,716,159,55,251,1,-1,-1,-1
365,21,859,182,71,262,1,-1,-1,-1
365,36,765,157,65,253,1,-1,-1,-1
365,48,896,188,49,242,1,-1,-1,-1
366,2,552,116,76,356,1,-1,-1,-1
366,19,719,159,55,252,1,-1,-1,-1
366,21,863,229,59,215,1,-1,-1,-1
366,30,839,180,48,194,1,-1,-1,-1
366,36,767,159,65,250,1,-1,-1,-1
366,48,899,183,51,250,1,-1,-1,-1
366,53,1,14,77,525,1,-1,-1,-1
367,2,549,112,77,361,1,-1,-1,-1
367,19,721,160,55,252,1,-1,-1,-1
367,21,865,247,55,198,1,-1,-1,-1
367,30,834,179,48,197,1,-1,-1,-1
367,36,769,168,64,242,1,-1,-1,-1
367,48,899,183,52,251,1,-1,-1,-1
367,53,9,33,76,506,1,-1,-1,-1
368,2,546,107,79,369,1,-1,-1,-1
368,19,722,159,56,255,1,-1,-1,-1
368,21,866,224,63,223,1,-1,-1,-1
368,30,833,175,49,201,1,-1,-1,-1
368,36,770,163,65,248,1,-1,-1,-1
368,48,897,178,54,257,1,-1,-1,-1
368,53,17,35,76,504,1,-1,-1,-1
369,2,544,105,80,374,1,-1,-1,-1
369,19,725,160,56,254,1,-1,-1,-1
369,21,868,226,63,223,1,-1,-1,-1
369,30,834,178,48,198,1,-1,-1,-1
369,36,771,158,67,253,1,-1,-1,-1
369,48,894,173,57,264,1,-1,-1,-1
369,53,29,32,79,507,1,-1,-1,-1
370,2,543,105,80,375,1,-1,-1,-1
370,19,726,160,57,254,1,-1,-1,-1
370,30,835,181,48,197,1,-1,-1,-1
370,36,772,160,67,251,1,-1,-1,-1
370,48,893,169,59,268,1,-1,-1,-1
370,53,33,25,82,514,1,-1,-1,-1
371,2,541,104,81,379,1,-1,-1,-1
371,19,727,158,57,253,1,-1,-1,-1
371,30,841,187,47,191,1,-1,-1,-1
371,36,776,160,67,250,1,-1,-1,-1
371,48,895,172,60,266,1,-1,-1,-1
371,53,42,23,86,516,1,-1,-1,-1
372,2,540,104,81,379,1,-1,-1,-1
372,19,729,158,58,253,1,-1,-1,-1
372,30,846,184,49,193,1,-1,-1,-1
372,36,780,159,66,249,1,-1,-1,-1
372,48,894,172,61,268,1,-1,-1,-1
372,53,60,24,88,515,1,-1,-1,-1
373,2,537,106,82,381,1,-1,-1,-1
373,19,732,160,59,251,1,-1,-1,-1
373,30,844,184,49,194,1,-1,-1,-1
373,36,783,159,65,249,1,-1,-1,-1
373,48,893,176,62,270,1,-1,-1,-1
373,53,69,36,89,503,1,-1,-1,-1
374,2,534,108,82,383,1,-1,-1,-1
374,19,734,162,58,245,1,-1,-1,-1
374,36,787,159,64,247,1,-1,-1,-1
374,48,893,176,63,272,1,-1,-1,-1
374,53,71,47,92,492,1,-1,-1,-1
375,2,531,109,83,385,1,-1,-1,-1
375,19,736,162,58,244,1,-1,-1,-1
375,36,790,158,64,248,1,-1,-1,-1
375,48,894,174,63,274,1,-1,-1,-1
375,53,79,60,94,479,1,-1,-1,-1
376,2,530,110,83,384,1,-1,-1,-1
376,19,737,161,58,243,1,-1,-1,-1
376,36,792,157,65,251,1,-1,-1,-1
376,48,895,171,64,277,1,-1,-1,-1
376,53,99,71,94,468,1,-1,-1,-1
377,2,528,121,81,374,1,-1,-1,-1
377,19,737,161,58,240,1,-1,-1,-1
377,36,793,155,65,254,1,-1,-1,-1
377,48,898,163,65,288,1,-1,-1,-1
377,53,116,75,94,464,1,-1,-1,-1
378,2,528,123,81,371,1,-1,-1,-1
378,19,737,159,58,241,1,-1,-1,-1
378,21,820,153,62,232,1,-1,-1,-1
378,30,876,177,45,182,1,-1,-1,-1
378,36,794,153,65,256,1,-1,-1,-1
378,48,904,162,64,289,1,-1,-1,-1
378,53,132,62,96,477,1,-1,-1,-1
379,2,522,112,83,383,1,-1,-1,-1
379,19,733,156,59,244,1,-1,-1,-1
379,21,821,148,62,237,1,-1,-1,-1
379,30,875,179,45,181,1,-1,-1,-1
379,36,797,151,66,260,1,-1,-1,-1
379,48,910,162,60,287,1,-1,-1,-1
379,53,143,58,96,481,1,-1,-1,-1
380,2,520,107,84,388,1,-1,-1,-1
380,19,734,155,60,245,1,-1,-1,-1
380,21,821,141,62,246,1,-1,-1,-1
380,30,874,181,45,180,1,-1,-1,-1
380,36,801,154,65,257,1,-1,-1,-1
380,48,910,155,60,295,1,-1,-1,-1
380,53,153,46,97,493,1,-1,-1,-1
381,2,518,104,85,391,1,-1,-1,-1
381,19,735,156,59,241,1,-1,-1,-1
381,21,825,146,59,241,1,-1,-1,-1
381,30,876,181,44,180,1,-1,-1,-1
381,36,805,161,62,247,1,-1,-1,-1
381,48,911,158,57,288,1,-1,-1,-1
381,53,165,47,97,492,1,-1,-1,-1
382,2,516,103,86,396,1,-1,-1,-1
382,19,737,158,57,237,1,-1,-1,-1
382,21,829,147,58,236,1,-1,-1,-1
382,30,879,180,43,179,1,-1,-1,-1
382,36,807,167,59,236,1,-1,-1,-1
382,48,912,161,55,288,1,-1,-1,-1
382,53,176,39,97,500,1,-1,-1,-1
383,2,511,101,87,399,1,-1,-1,-1
383,19,740,160,56,235,1,-1,-1,-1
383,21,837,152,55,220,1,-1,-1,-1
383,30,884,180,41,175,1,-1,-1,-1
383,36,809,164,59,236,1,-1,-1,-1
383,48,915,164,53,284,1,-1,-1,-1
383,53,185,40,96,499,1,-1,-1,-1
384,2,508,100,88,402,1,-1,-1,-1
384,19,743,161,56,234,1,-1,-1,-1
384,21,839,144,58,232,1,-1,-1,-1
384,30,885,179,41,174,1,-1,-1,-1
384,36,811,159,60,239,1,-1,-1,-1
384,48,917,165,50,279,1,-1,-1,-1
384,53,198,54,95,485,1,-1,-1,-1
385,2,505,100,89,405,1,-1,-1,-1
385,19,746,162,56,233,1,-1,-1,-1
385,21,842,148,56,224,1,-1,-1,-1
385,30,884,180,42,179,1,-1,-1,-1
385,36,813,158,60,237,1,-1,-1,-1
385,48,920,167,47,272,1,-1,-1,-1
385,53,205,76,91,463,1,-1,-1,-1
386,2,505,101,91,411,1,-1,-1,-1
386,19,748,160,55,233,1,-1,-1,-1
386,21,844,154,55,217,1,-1,-1,-1
386,30,880,184,43,176,1,-1,-1,-1
386,36,816,160,60,236,1,-1,-1,-1
386,48,922,165,45,270,1,-1,-1,-1
386,53,210,74,92,465,1,-1,-1,-1
387,2,504,102,92,416,1,-1,-1,-1
387,19,751,161,55,233,1,-1,-1,-1
387,21,844,153,55,217,1,-1,-1,-1
387,30,881,184,43,175,1,-1,-1,-1
387,36,817,157,61,241,1,-1,-1,-1
387,48,927,153,37,228,1,-1,-1,-1
387,53,215,74,92,465,1,-1,-1,-1
388,2,502,105,93,416,1,-1,-1,-1
388,19,752,163,55,232,1,-1,-1,-1
388,21,845,155,55,216,1,-1,-1,-1
388,36,820,157,61,240,1,-1,-1,-1
388,48,930,143,34,215,1,-1,-1,-1
388,53,216,69,97,470,1,-1,-1,-1
389,2,498,107,93,417,1,-1,-1,-1
389,19,753,166,54,229,1,-1,-1,-1
389,21,847,154,56,218,1,-1,-1,-1
389,30,876,185,43,174,1,-1,-1,-1
389,36,821,159,61,238,1,-1,-1,-1
389,48,934,156,30,192,1,-1,-1,-1
389,53,229,67,99,472,1,-1,-1,-1
390,2,496,104,93,419,1,-1,-1,-1
390,19,755,167,53,226,1,-1,-1,-1
390,21,851,155,55,217,1,-1,-1,-1
390,30,874,180,45,178,1,-1,-1,-1
390,36,822,161,61,235,1,-1,-1,-1
390,48,936,166,26,177,1,-1,-1,-1
390,53,238,68,99,471,1,-1,-1,-1
391,2,491,92,97,433,1,-1,-1,-1
391,19,759,166,52,226,1,-1,-1,-1
391,21,855,155,54,216,1,-1,-1,-1
391,30,874,180,45,178,1,-1,-1,-1
391,36,825,165,61,232,1,-1,-1,-1
391,48,939,168,22,149,1,-1,-1,-1
391,53,257,71,90,437,1,-1,-1,-1
392,2,487,84,98,439,1,-1,-1,-1
392,19,762,167,52,223,1,-1,-1,-1
392,21,856,153,54,218,1,-1,-1,-1
392,30,892,187,42,168,1,-1,-1,-1
392,36,826,172,59,225,1,-1,-1,-1
392,48,940,167,20,137,1,-1,-1,-1
392,53,258,67,93,462,1,-1,-1,-1
392,58,584,195,34,171,1,-1,-1,-1
393,2,482,82,99,443,1,-1,-1,-1
393,19,764,167,52,224,1,-1,-1,-1
393,21,864,163,50,202,1,-1,-1,-1
393,30,897,190,41,164,1,-1,-1,-1
393,36,826,172,59,225,1,-1,-1,-1
393,48,940,166,20,134,1,-1,-1,-1
393,53,263,66,93,470,1,-1,-1,-1
393,58,584,194,34,172,1,-1,-1,-1
394,2,478,82,99,444,1,-1,-1,-1
394,19,767,167,52,225,1,-1,-1,-1
394,21,866,163,49,199,1,-1,-1,-1
394,30,899,193,40,159,1,-1,-1,-1
394,36,830,173,58,222,1,-1,-1,-1
394,48,942,167,18,123,1,-1,-1,-1
394,53,273,73,91,465,1,-1,-1,-1
395,2,474,81,100,444,1,-1,-1,-1
395,19,770,169,52,222,1,-1,-1,-1
395,30,900,193,39,159,1,-1,-1,-1
395,36,833,175,58,222,1,-1,-1,-1
395,53,281,86,88,452,1,-1,-1,-1
396,2,470,81,101,448,1,-1,-1,-1
396,19,774,170,52,221,1,-1,-1,-1
396,30,899,192,40,160,1,-1,-1,-1
396,36,837,176,57,218,1,-1,-1,-1
396,53,287,73,90,466,1,-1,-1,-1
397,2,469,93,97,433,1,-1,-1,-1
397,19,776,169,52,220,1,-1,-1,-1
397,30,900,192,40,159,1,-1,-1,-1
397,36,840,178,57,214,1,-1,-1,-1
397,53,296,82,88,455,1,-1,-1,-1
398,2,466,96,97,431,1,-1,-1,-1
398,19,778,172,51,218,1,-1,-1,-1
398,30,900,190,41,163,1,-1,-1,-1
398,36,841,177,57,213,1,-1,-1,-1
398,53,306,110,78,404,1,-1,-1,-1
399,2,463,98,97,432,1,-1,-1,-1
399,19,779,174,51,215,1,-1,-1,-1
399,30,901,191,40,160,1,-1,-1,-1
399,36,842,172,59,218,1,-1,-1,-1
399,53,307,103,82,416,1,-1,-1,-1
400,2,459,89,100,444,1,-1,-1,-1
400,19,780,171,52,219,1,-1,-1,-1
400,30,901,190,40,160,1,-1,-1,-1
400,36,844,168,60,221,1,-1,-1,-1
400,53,309,101,84,418,1,-1,-1,-1
401,2,453,82,103,456,1,-1,-1,-1
401,19,781,169,51,219,1,-1,-1,-1
401,30,903,189,40,160,1,-1,-1,-1
401,36,846,172,59,216,1,-1,-1,-1
401,53,313,93,90,439,1,-1,-1,-1
402,2,449,81,104,458,1,-1,-1,-1
402,19,782,168,51,220,1,-1,-1,-1
402,30,904,191,40,160,1,-1,-1,-1
402,36,847,178,59,210,1,-1,-1,-1
402,53,315,85,93,447,1,-1,-1,-1
403,2,446,79,104,460,1,-1,-1,-1
403,19,784,168,50,218,1,-1,-1,-1
403,21,882,160,51,208,1,-1,-1,-1
403,30,905,191,39,159,1,-1,-1,-1
403,36,846,180,59,208,1,-1,-1,-1
403,53,333,85,87,425,1,-1,-1,-1
404,2,440,76,105,463,1,-1,-1,-1
404,19,786,170,50,215,1,-1,-1,-1
404,21,883,158,52,212,1,-1,-1,-1
404,36,848,183,59,205,1,-1,-1,-1
404,53,345,82,86,427,1,-1,-1,-1
405,2,435,71,105,469,1,-1,-1,-1
405,19,788,169,49,215,1,-1,-1,-1
405,21,881,153,52,217,1,-1,-1,-1
405,36,850,184,59,202,1,-1,-1,-1
405,53,353,82,85,430,1,-1,-1,-1
406,2,429,68,106,472,1,-1,-1,-1
406,19,791,171,49,212,1,-1,-1,-1
406,21,880,154,53,221,1,-1,-1,-1
406,30,899,176,46,185,1,-1,-1,-1
406,36,851,180,61,206,1,-1,-1,-1
406,53,362,78,86,441,1,-1,-1,-1
406,58,610,191,34,173,1,-1,-1,-1
407,2,424,72,104,468,1,-1,-1,-1
407,19,793,170,49,212,1,-1,-1,-1
407,21,879,156,53,220,1,-1,-1,-1
407,30,899,175,46,185,1,-1,-1,-1
407,36,852,178,61,207,1,-1,-1,-1
407,53,369,74,88,458,1,-1,-1,-1
407,58,612,191,34,173,1,-1,-1,-1
408,2,419,79,103,460,1,-1,-1,-1
408,19,796,172,49,210,1,-1,-1,-1
408,21,888,159,51,207,1,-1,-1,-1
408,30,915,180,41,169,1,-1,-1,-1
408,36,855,169,63,215,1,-1,-1,-1
408,53,377,73,89,460,1,-1,-1,-1
409,2,410,77,105,463,1,-1,-1,-1
409,19,799,172,49,210,1,-1,-1,-1
409,21,889,156,52,208,1,-1,-1,-1
409,30,923,179,39,169,1,-1,-1,-1
409,36,857,165,64,219,1,-1,-1,-1
410,2,404,75,107,465,1,-1,-1,-1
410,19,800,171,50,211,1,-1,-1,-1
410,21,890,154,52,210,1,-1,-1,-1
410,30,925,179,39,169,1,-1,-1,-1
410,36,858,163,64,220,1,-1,-1,-1
411,2,399,73,108,466,1,-1,-1,-1
411,19,801,170,50,212,1,-1,-1,-1
411,21,891,152,53,211,1,-1,-1,-1
411,36,859,164,64,219,1,-1,-1,-1
412,2,394,70,110,469,1,-1,-1,-1
412,19,803,170,50,212,1,-1,-1,-1
412,21,893,154,53,210,1,-1,-1,-1
412,36,861,169,62,213,1,-1,-1,-1
413,2,390,68,112,471,1,-1,-1,-1
413,19,805,169,50,212,1,-1,-1,-1
413,21,897,157,52,204,1,-1,-1,-1
413,36,861,173,61,209,1,-1,-1,-1
414,2,383,72,114,467,1,-1,-1,-1
414,19,809,169,50,210,1,-1,-1,-1
414,21,898,155,52,202,1,-1,-1,-1
414,36,863,173,61,210,1,-1,-1,-1
414,58,628,214,34,149,1,-1,-1,-1
415,2,379,73,115,467,1,-1,-1,-1
415,19,810,169,50,210,1,-1,-1,-1
415,21,899,156,52,201,1,-1,-1,-1
415,36,864,169,62,213,1,-1,-1,-1
415,58,630,216,34,147,1,-1,-1,-1
416,2,375,55,120,484,1,-1,-1,-1
416,19,814,165,51,213,1,-1,-1,-1
416,21,899,158,52,204,1,-1,-1,-1
416,36,865,166,62,216,1,-1,-1,-1
417,2,373,48,122,491,1,-1,-1,-1
417,19,816,164,52,215,1,-1,-1,-1
417,21,899,158,53,208,1,-1,-1,-1
417,36,867,165,62,216,1,-1,-1,-1
418,2,371,48,122,491,1,-1,-1,-1
418,19,818,169,51,209,1,-1,-1,-1
418,21,901,159,53,208,1,-1,-1,-1
418,36,869,168,61,215,1,-1,-1,-1
419,2,368,48,124,491,1,-1,-1,-1
419,19,822,170,52,207,1,-1,-1,-1
419,21,899,159,54,210,1,-1,-1,-1
419,36,872,164,61,217,1,-1,-1,-1
420,2,364,44,127,495,1,-1,-1,-1
420,19,824,170,52,205,1,-1,-1,-1
420,21,906,161,50,197,1,-1,-1,-1
420,36,875,165,60,214,1,-1,-1,-1
421,2,350,46,127,493,1,-1,-1,-1
421,19,825,170,53,206,1,-1,-1,-1
421,21,910,162,48,190,1,-1,-1,-1
421,36,877,166,60,213,1,-1,-1,-1
421,53,453,88,70,375,1,-1,-1,-1
421,58,641,202,36,161,1,-1,-1,-1
422,2,340,38,129,501,1,-1,-1,-1
422,19,826,170,54,208,1,-1,-1,-1
422,21,912,162,47,188,1,-1,-1,-1
422,36,879,165,60,213,1,-1,-1,-1
422,53,455,90,69,372,1,-1,-1,-1
422,58,643,202,36,161,1,-1,-1,-1
423,2,331,42,130,497,1,-1,-1,-1
423,19,827,170,54,210,1,-1,-1,-1
423,21,913,160,48,196,1,-1,-1,-1
423,36,882,163,60,213,1,-1,-1,-1
423,53,461,97,64,345,1,-1,-1,-1
424,2,326,34,132,505,1,-1,-1,-1
424,19,829,170,54,209,1,-1,-1,-1
424,21,914,160,48,199,1,-1,-1,-1
424,36,885,166,59,208,1,-1,-1,-1
424,53,464,104,67,357,1,-1,-1,-1
425,2,322,28,133,511,1,-1,-1,-1
425,19,830,169,54,207,1,-1,-1,-1
425,21,915,161,47,199,1,-1,-1,-1
425,36,887,170,58,202,1,-1,-1,-1
425,53,468,106,67,358,1,-1,-1,-1
426,2,319,20,134,519,1,-1,-1,-1
426,19,832,169,54,206,1,-1,-1,-1
426,21,916,159,47,204,1,-1,-1,-1
426,36,888,170,58,203,1,-1,-1,-1
426,53,472,111,69,364,1,-1,-1,-1
427,2,316,24,133,515,1,-1,-1,-1
427,19,833,169,54,205,1,-1,-1,-1
427,21,918,163,45,199,1,-1,-1,-1
427,36,888,172,59,203,1,-1,-1,-1
427,53,476,113,69,364,1,-1,-1,-1
427,61,55,271,40,176,1,-1,-1,-1
428,2,311,21,134,518,1,-1,-1,-1
428,19,834,168,54,207,1,-1,-1,-1
428,21,919,163,43,195,1,-1,-1,-1
428,36,889,172,59,202,1,-1,-1,-1
428,53,482,114,66,353,1,-1,-1,-1
428,61,54,265,41,182,1,-1,-1,-1
429,2,299,20,134,519,1,-1,-1,-1
429,19,836,169,54,206,1,-1,-1,-1
429,21,921,166,41,186,1,-1,-1,-1
429,36,890,174,59,201,1,-1,-1,-1
429,53,486,114,67,356,1,-1,-1,-1
429,61,54,263,42,185,1,-1,-1,-1
430,2,290,21,133,518,1,-1,-1,-1
430,19,838,171,53,204,1,-1,-1,-1
430,21,923,165,40,189,1,-1,-1,-1
430,36,891,174,59,201,1,-1,-1,-1
430,53,490,114,67,355,1,-1,-1,-1
430,58,658,195,38,168,1,-1,-1,-1
431,2,282,21,133,518,1,-1,-1,-1
431,19,840,171,53,204,1,-1,-1,-1
431,21,924,166,39,184,1,-1,-1,-1
431,36,892,174,60,201,1,-1,-1,-1
431,53,497,112,67,357,1,-1,-1,-1
431,58,659,192,40,171,1,-1,-1,-1
432,2,273,11,135,528,1,-1,-1,-1
432,19,843,170,53,203,1,-1,-1,-1
432,21,927,167,37,183,1,-1,-1,-1
432,30,878,170,40,189,1,-1,-1,-1
432,36,893,172,60,202,1,-1,-1,-1
432,53,506,112,65,348,1,-1,-1,-1
432,58,660,191,40,172,1,-1,-1,-1
433,2,266,12,134,527,1,-1,-1,-1
433,19,844,170,52,203,1,-1,-1,-1
433,21,927,167,37,188,1,-1,-1,-1
433,30,876,170,40,190,1,-1,-1,-1
433,36,893,170,61,203,1,-1,-1,-1
433,53,511,111,64,342,1,-1,-1,-1
433,58,662,188,40,175,1,-1,-1,-1
433,65,931,165,29,78,1,-1,-1,-1
434,2,257,10,135,529,1,-1,-1,-1
434,19,845,172,52,202,1,-1,-1,-1
434,21,925,163,39,199,1,-1,-1,-1
434,36,895,170,61,204,1,-1,-1,-1
434,53,519,111,57,306,1,-1,-1,-1
434,58,663,187,40,176,1,-1,-1,-1
434,65,932,166,29,77,1,-1,-1,-1
435,2,251,10,136,529,1,-1,-1,-1
435,19,847,172,52,201,1,-1,-1,-1
435,21,926,163,39,200,1,-1,-1,-1
435,36,898,171,61,205,1,-1,-1,-1
435,53,525,112,56,299,1,-1,-1,-1
435,65,932,162,30,80,1,-1,-1,-1
436,2,246,9,137,530,1,-1,-1,-1
436,19,848,171,51,202,1,-1,-1,-1
436,36,901,169,61,209,1,-1,-1,-1
436,53,523,113,64,345,1,-1,-1,-1
436,65,932,162,30,80,1,-1,-1,-1
437,2,239,5,139,534,1,-1,-1,-1
437,19,851,169,51,201,1,-1,-1,-1
437,36,902,170,62,214,1,-1,-1,-1
437,53,527,117,65,348,1,-1,-1,-1
437,65,934,162,29,79,1,-1,-1,-1
438,2,234,1,141,539,1,-1,-1,-1
438,19,853,171,50,198,1,-1,-1,-1
438,36,903,165,63,221,1,-1,-1,-1
438,53,531,121,64,344,1,-1,-1,-1
438,65,935,162,29,79,1,-1,-1,-1
439,2,225,0,142,540,1,-1,-1,-1
439,19,856,174,50,195,1,-1,-1,-1
439,36,903,165,61,219,1,-1,-1,-1
439,53,534,125,64,338,1,-1,-1,-1
440,2,219,0,143,540,1,-1,-1,-1
440,19,859,174,51,195,1,-1,-1,-1
440,36,908,163,60,223,1,-1,-1,-1
440,53,537,124,65,336,1,-1,-1,-1
440,58,680,188,39,176,1,-1,-1,-1
441,2,209,-1,142,541,1,-1,-1,-1
441,19,862,176,51,195,1,-1,-1,-1
441,36,911,162,58,223,1,-1,-1,-1
441,53,541,125,65,335,1,-1,-1,-1
441,58,683,187,39,176,1,-1,-1,-1
441,61,0,67,107,471,1,-1,-1,-1
442,2,205,-1,141,541,1,-1,-1,-1
442,19,862,174,52,197,1,-1,-1,-1
442,36,912,154,58,232,1,-1,-1,-1
442,53,549,126,64,330,1,-1,-1,-1
442,61,0,55,111,486,1,-1,-1,-1
443,2,201,0,142,540,1,-1,-1,-1
443,19,865,174,52,197,1,-1,-1,-1
443,36,913,150,57,237,1,-1,-1,-1
443,53,559,135,59,302,1,-1,-1,-1
443,61,2,44,116,499,1,-1,-1,-1
444,2,189,0,142,540,1,-1,-1,-1
444,19,870,178,51,192,1,-1,-1,-1
444,21,845,209,20,100,1,-1,-1,-1
444,36,914,153,55,236,1,-1,-1,-1
444,53,565,131,55,281,1,-1,-1,-1
444,58,689,191,40,173,1,-1,-1,-1
444,61,4,36,120,507,1,-1,-1,-1
445,2,176,0,143,540,1,-1,-1,-1
445,19,871,177,51,194,1,-1,-1,-1
445,21,841,210,21,99,1,-1,-1,-1
445,36,912,157,53,233,1,-1,-1,-1
445,53,568,123,56,284,1,-1,-1,-1
445,58,689,193,41,171,1,-1,-1,-1
445,61,6,37,122,506,1,-1,-1,-1
446,2,163,0,146,540,1,-1,-1,-1
446,19,871,175,51,195,1,-1,-1,-1
446,21,836,213,20,93,1,-1,-1,-1
446,36,910,159,52,230,1,-1,-1,-1
446,53,569,122,58,298,1,-1,-1,-1
446,58,690,193,42,171,1,-1,-1,-1
446,61,7,47,123,495,1,-1,-1,-1
447,2,151,0,149,540,1,-1,-1,-1
447,19,870,171,51,195,1,-1,-1,-1
447,36,900,147,57,243,1,-1,-1,-1
447,53,573,128,60,303,1,-1,-1,-1
447,58,690,191,43,173,1,-1,-1,-1
447,61,6,49,124,493,1,-1,-1,-1
448,2,140,0,153,540,1,-1,-1,-1
448,19,867,157,55,214,1,-1,-1,-1
448,36,894,142,60,250,1,-1,-1,-1
448,53,575,131,61,308,1,-1,-1,-1
448,58,690,190,44,174,1,-1,-1,-1
448,61,7,51,124,490,1,-1,-1,-1
449,2,133,0,155,540,1,-1,-1,-1
449,19,868,155,56,216,1,-1,-1,-1
449,36,890,136,63,256,1,-1,-1,-1
449,53,580,135,59,296,1,-1,-1,-1
449,58,691,190,44,174,1,-1,-1,-1
449,61,6,51,126,491,1,-1,-1,-1
450,2,128,0,157,540,1,-1,-1,-1
450,19,859,151,53,210,1,-1,-1,-1
450,36,887,134,65,257,1,-1,-1,-1
450,53,583,135,58,292,1,-1,-1,-1
450,58,694,189,44,175,1,-1,-1,-1
450,61,5,53,126,488,1,-1,-1,-1
451,2,122,0,161,540,1,-1,-1,-1
451,19,877,140,62,241,1,-1,-1,-1
451,36,902,134,61,254,1,-1,-1,-1
451,53,585,127,62,304,1,-1,-1,-1
451,58,697,192,42,171,1,-1,-1,-1
451,61,6,40,131,501,1,-1,-1,-1
452,2,118,0,164,540,1,-1,-1,-1
452,19,875,139,64,247,1,-1,-1,-1
452,36,906,135,58,246,1,-1,-1,-1
452,53,587,124,64,311,1,-1,-1,-1
452,58,700,191,42,172,1,-1,-1,-1
452,61,5,23,134,518,1,-1,-1,-1
453,2,99,0,165,540,1,-1,-1,-1
453,19,871,138,66,251,1,-1,-1,-1
453,36,911,139,54,237,1,-1,-1,-1
453,53,593,126,64,311,1,-1,-1,-1
453,58,703,191,41,172,1,-1,-1,-1
453,61,3,14,137,530,1,-1,-1,-1
454,2,79,0,169,540,1,-1,-1,-1
454,19,870,141,64,247,1,-1,-1,-1
454,36,910,139,54,239,1,-1,-1,-1
454,53,601,133,61,297,1,-1,-1,-1
454,58,705,190,41,174,1,-1,-1,-1
455,2,61,0,168,540,1,-1,-1,-1
455,19,866,138,63,249,1,-1,-1,-1
455,36,917,142,51,234,1,-1,-1,-1
455,53,604,128,64,308,1,-1,-1,-1
455,58,708,189,41,175,1,-1,-1,-1
456,2,54,0,167,540,1,-1,-1,-1
456,19,878,137,66,251,1,-1,-1,-1
456,36,922,152,44,213,1,-1,-1,-1
456,53,606,130,64,307,1,-1,-1,-1
456,58,711,188,41,175,1,-1,-1,-1
457,2,41,0,166,540,1,-1,-1,-1
457,19,870,138,66,251,1,-1,-1,-1
457,36,926,163,40,197,1,-1,-1,-1
457,53,612,136,63,301,1,-1,-1,-1
457,58,713,190,41,173,1,-1,-1,-1
458,2,35,0,167,540,1,-1,-1,-1
458,19,886,153,60,230,1,-1,-1,-1
458,30,858,156,48,227,1,-1,-1,-1
458,36,929,172,36,188,1,-1,-1,-1
458,53,613,121,65,313,1,-1,-1,-1
458,58,714,189,42,174,1,-1,-1,-1
459,2,31,0,173,540,1,-1,-1,-1
459,19,890,162,55,213,1,-1,-1,-1
459,30,851,161,51,225,1,-1,-1,-1
459,36,931,172,34,182,1,-1,-1,-1
459,53,619,137,61,294,1,-1,-1,-1
459,58,715,190,42,174,1,-1,-1,-1
460,2,25,0,178,540,1,-1,-1,-1
460,19,895,167,52,200,1,-1,-1,-1
460,30,845,154,59,234,1,-1,-1,-1
460,36,932,173,32,179,1,-1,-1,-1
460,53,625,146,58,276,1,-1,-1,-1
460,58,717,189,43,174,1,-1,-1,-1
461,2,22,0,183,540,1,-1,-1,-1
461,19,899,171,48,189,1,-1,-1,-1
461,30,841,155,64,234,1,-1,-1,-1
461,36,933,179,31,176,1,-1,-1,-1
461,53,628,150,59,279,1,-1,-1,-1
461,58,718,187,44,177,1,-1,-1,-1
462,2,-3,0,180,540,1,-1,-1,-1
462,19,902,173,48,188,1,-1,-1,-1
462,30,836,152,69,238,1,-1,-1,-1
462,36,928,178,31,176,1,-1,-1,-1
462,53,633,146,60,286,1,-1,-1,-1
462,58,721,182,45,182,1,-1,-1,-1
462,61,103,68,124,473,1,-1,-1,-1
463,2,-15,0,176,540,1,-1,-1,-1
463,19,905,172,47,189,1,-1,-1,-1
463,30,831,151,73,238,1,-1,-1,-1
463,36,929,180,30,172,1,-1,-1,-1
463,53,635,148,60,282,1,-1,-1,-1
463,58,723,181,46,182,1,-1,-1,-1
463,61,110,74,123,466,1,-1,-1,-1
464,2,-23,0,171,540,1,-1,-1,-1
464,19,906,172,47,189,1,-1,-1,-1
464,30,823,152,74,236,1,-1,-1,-1
464,53,639,137,63,292,1,-1,-1,-1
464,58,724,182,46,182,1,-1,-1,-1
464,61,114,66,126,473,1,-1,-1,-1
465,2,-27,0,166,540,1,-1,-1,-1
465,19,906,173,46,187,1,-1,-1,-1
465,30,819,154,75,235,1,-1,-1,-1
465,53,642,132,64,298,1,-1,-1,-1
465,58,725,185,45,179,1,-1,-1,-1
465,61,118,68,124,472,1,-1,-1,-1
466,2,-29,0,160,540,1,-1,-1,-1
466,19,907,174,46,185,1,-1,-1,-1
466,30,817,159,72,229,1,-1,-1,-1
466,36,879,168,38,208,1,-1,-1,-1
466,53,646,132,64,298,1,-1,-1,-1
466,58,727,184,45,179,1,-1,-1,-1
466,61,124,65,123,475,1,-1,-1,-1
467,2,-30,0,154,540,1,-1,-1,-1
467,19,910,177,44,176,1,-1,-1,-1
467,30,813,162,69,223,1,-1,-1,-1
467,36,876,166,40,211,1,-1,-1,-1
467,53,652,141,61,285,1,-1,-1,-1
467,58,729,184,46,180,1,-1,-1,-1
467,61,131,60,122,479,1,-1,-1,-1
468,2,-33,0,147,540,1,-1,-1,-1
468,19,912,178,43,172,1,-1,-1,-1
468,30,810,159,69,227,1,-1,-1,-1
468,36,874,164,42,212,1,-1,-1,-1
468,53,656,143,60,283,1,-1,-1,-1
468,58,730,187,46,179,1,-1,-1,-1
468,61,138,57,120,482,1,-1,-1,-1
469,2,-36,0,140,540,1,-1,-1,-1
469,19,913,179,43,170,1,-1,-1,-1
469,30,804,155,67,231,1,-1,-1,-1
469,36,877,163,39,199,1,-1,-1,-1
469,53,658,134,60,288,1,-1,-1,-1
469,58,731,187,46,179,1,-1,-1,-1
469,61,147,55,118,484,1,-1,-1,-1
470,2,-35,0,133,540,1,-1,-1,-1
470,19,913,181,42,169,1,-1,-1,-1
470,30,801,152,64,228,1,-1,-1,-1
470,36,881,162,38,193,1,-1,-1,-1
470,53,660,130,60,290,1,-1,-1,-1
470,61,154,55,116,484,1,-1,-1,-1
471,2,-30,11,124,528,1,-1,-1,-1
471,19,914,182,42,168,1,-1,-1,-1
471,30,799,150,63,232,1,-1,-1,-1
471,36,884,163,36,186,1,-1,-1,-1
471,53,663,137,58,282,1,-1,-1,-1
471,58,737,181,47,182,1,-1,-1,-1
471,61,159,59,114,480,1,-1,-1,-1
471,72,819,153,97,230,1,-1,-1,-1
472,2,-20,125,94,414,1,-1,-1,-1
472,19,916,182,42,169,1,-1,-1,-1
472,30,796,154,60,228,1,-1,-1,-1
472,36,886,161,36,185,1,-1,-1,-1
472,53,666,138,58,284,1,-1,-1,-1
472,58,739,181,48,182,1,-1,-1,-1
472,61,166,67,112,472,1,-1,-1,-1
472,72,821,153,95,227,1,-1,-1,-1
473,2,-25,139,91,400,1,-1,-1,-1
473,19,917,182,42,169,1,-1,-1,-1
473,30,790,158,59,226,1,-1,-1,-1
473,36,888,161,36,182,1,-1,-1,-1
473,53,670,144,57,275,1,-1,-1,-1
473,58,739,177,49,185,1,-1,-1,-1
473,61,173,66,112,473,1,-1,-1,-1
473,72,816,157,91,223,1,-1,-1,-1
474,19,917,182,42,169,1,-1,-1,-1
474,30,788,157,60,227,1,-1,-1,-1
474,36,889,164,35,178,1,-1,-1,-1
474,53,673,143,57,277,1,-1,-1,-1
474,58,737,176,49,188,1,-1,-1,-1
474,61,185,70,113,469,1,-1,-1,-1
474,72,810,158,89,222,1,-1,-1,-1
474,73,588,206,24,155,1,-1,-1,-1
475,19,917,180,42,171,1,-1,-1,-1
475,30,790,157,62,228,1,-1,-1,-1
475,36,890,164,35,177,1,-1,-1,-1
475,53,677,142,58,280,1,-1,-1,-1
475,58,737,178,49,187,1,-1,-1,-1
475,61,192,71,114,468,1,-1,-1,-1
475,72,808,159,88,219,1,-1,-1,-1
475,73,590,204,25,157,1,-1,-1,-1
476,19,917,179,42,172,1,-1,-1,-1
476,30,783,161,62,224,1,-1,-1,-1
476,36,892,166,35,177,1,-1,-1,-1
476,53,683,141,59,280,1,-1,-1,-1
476,58,739,181,49,184,1,-1,-1,-1
476,61,196,84,113,456,1,-1,-1,-1
476,72,802,159,86,222,1,-1,-1,-1
476,73,590,202,26,159,1,-1,-1,-1
477,19,918,180,42,172,1,-1,-1,-1
477,30,778,160,63,225,1,-1,-1,-1
477,36,893,168,35,173,1,-1,-1,-1
477,53,687,144,59,274,1,-1,-1,-1
477,58,745,177,48,189,1,-1,-1,-1
477,61,200,82,114,457,1,-1,-1,-1
477,72,801,158,84,224,1,-1,-1,-1
477,73,592,201,26,161,1,-1,-1,-1
478,19,918,178,42,173,1,-1,-1,-1
478,30,773,158,64,227,1,-1,-1,-1
478,36,894,166,35,174,1,-1,-1,-1
478,53,689,145,59,271,1,-1,-1,-1
478,58,747,176,49,190,1,-1,-1,-1
478,61,202,85,113,454,1,-1,-1,-1
478,72,800,159,82,225,1,-1,-1,-1
478,73,592,199,28,164,1,-1,-1,-1
479,19,918,179,42,173,1,-1,-1,-1
479,30,768,159,63,226,1,-1,-1,-1
479,36,895,169,34,169,1,-1,-1,-1
479,53,692,147,58,266,1,-1,-1,-1
479,61,204,85,113,454,1,-1,-1,-1
479,72,797,159,80,226,1,-1,-1,-1
479,73,594,197,28,166,1,-1,-1,-1
480,19,918,179,42,173,1,-1,-1,-1
480,30,766,159,61,225,1,-1,-1,-1
480,36,897,170,33,167,1,-1,-1,-1
480,53,693,150,58,264,1,-1,-1,-1
480,61,204,82,114,457,1,-1,-1,-1
480,72,794,159,79,225,1,-1,-1,-1
480,73,597,199,28,162,1,-1,-1,-1
481,2,-3,256,63,283,1,-1,-1,-1
481,19,919,180,42,173,1,-1,-1,-1
481,30,770,158,62,227,1,-1,-1,-1
481,36,897,170,34,169,1,-1,-1,-1
481,53,696,150,58,263,1,-1,-1,-1
481,61,205,79,115,460,1,-1,-1,-1
481,72,792,159,78,225,1,-1,-1,-1
481,73,600,198,29,163,1,-1,-1,-1
482,2,5,210,76,329,1,-1,-1,-1
482,19,920,182,41,170,1,-1,-1,-1
482,30,781,157,64,227,1,-1,-1,-1
482,36,898,170,34,171,1,-1,-1,-1
482,53,698,148,58,262,1,-1,-1,-1
482,61,209,77,115,462,1,-1,-1,-1
482,72,789,159,77,225,1,-1,-1,-1
482,73,603,198,29,164,1,-1,-1,-1
483,2,9,163,89,376,1,-1,-1,-1
483,19,921,183,40,168,1,-1,-1,-1
483,30,783,159,65,225,1,-1,-1,-1
483,36,899,173,34,170,1,-1,-1,-1
483,53,701,149,58,261,1,-1,-1,-1
483,61,213,79,115,460,1,-1,-1,-1
483,73,605,198,30,165,1,-1,-1,-1
484,2,9,112,103,427,1,-1,-1,-1
484,19,923,187,38,165,1,-1,-1,-1
484,30,786,162,64,222,1,-1,-1,-1
484,36,900,180,33,163,1,-1,-1,-1
484,53,705,150,56,257,1,-1,-1,-1
484,61,219,83,113,456,1,-1,-1,-1
484,72,747,165,74,222,1,-1,-1,-1
484,73,607,197,30,166,1,-1,-1,-1
485,2,-3,44,116,495,1,-1,-1,-1
485,19,924,184,38,166,1,-1,-1,-1
485,30,784,165,63,220,1,-1,-1,-1
485,36,901,182,32,160,1,-1,-1,-1
485,53,711,150,51,231,1,-1,-1,-1
485,61,224,87,111,452,1,-1,-1,-1
485,72,739,169,71,218,1,-1,-1,-1
485,73,609,197,31,167,1,-1,-1,-1
486,2,-5,12,121,527,1,-1,-1,-1
486,19,924,182,38,168,1,-1,-1,-1
486,30,783,167,61,218,1,-1,-1,-1
486,36,900,172,34,168,1,-1,-1,-1
486,53,713,146,50,229,1,-1,-1,-1
486,61,228,82,111,457,1,-1,-1,-1
486,72,726,162,74,229,1,-1,-1,-1
486,73,612,198,31,165,1,-1,-1,-1
487,2,-3,0,124,540,1,-1,-1,-1
487,19,925,181,37,168,1,-1,-1,-1
487,30,774,162,61,222,1,-1,-1,-1
487,36,902,171,33,163,1,-1,-1,-1
487,53,716,146,49,224,1,-1,-1,-1
487,61,234,77,111,462,1,-1,-1,-1
487,72,709,151,78,248,1,-1,-1,-1
487,73,616,197,33,163,1,-1,-1,-1
488,2,-1,-4,125,544,1,-1,-1,-1
488,19,926,181,37,167,1,-1,-1,-1
488,30,768,162,60,222,1,-1,-1,-1
488,36,901,168,34,170,1,-1,-1,-1
488,61,237,75,110,464,1,-1,-1,-1
488,72,706,152,78,251,1,-1,-1,-1
488,73,618,200,34,161,1,-1,-1,-1
489,2,3,-6,124,546,1,-1,-1,-1
489,19,926,179,36,169,1,-1,-1,-1
489,30,764,162,59,221,1,-1,-1,-1
489,36,903,177,33,162,1,-1,-1,-1
489,61,243,76,108,463,1,-1,-1,-1
489,72,708,154,77,253,1,-1,-1,-1
489,73,620,200,34,161,1,-1,-1,-1
490,2,15,17,118,522,1,-1,-1,-1
490,19,927,178,35,169,1,-1,-1,-1
490,30,763,162,59,221,1,-1,-1,-1
490,36,909,172,36,171,1,-1,-1,-1
490,61,249,79,105,460,1,-1,-1,-1
490,72,709,156,75,252,1,-1,-1,-1
490,73,619,196,36,165,1,-1,-1,-1
491,2,40,41,111,498,1,-1,-1,-1
491,19,927,177,35,170,1,-1,-1,-1
491,30,765,168,56,213,1,-1,-1,-1
491,36,910,170,37,174,1,-1,-1,-1
491,61,252,85,102,454,1,-1,-1,-1
491,72,711,155,73,251,1,-1,-1,-1
491,73,619,193,37,167,1,-1,-1,-1
492,2,54,58,108,481,1,-1,-1,-1
492,19,929,176,34,170,1,-1,-1,-1
492,30,770,179,52,199,1,-1,-1,-1
492,36,910,170,38,174,1,-1,-1,-1
492,61,255,85,102,454,1,-1,-1,-1
492,72,715,152,70,248,1,-1,-1,-1
492,73,621,192,37,168,1,-1,-1,-1
493,2,60,66,110,473,1,-1,-1,-1
493,19,929,175,33,170,1,-1,-1,-1
493,30,777,183,50,192,1,-1,-1,-1
493,36,908,168,38,175,1,-1,-1,-1
493,61,258,86,101,454,1,-1,-1,-1
493,72,721,151,71,249,1,-1,-1,-1
493,73,623,196,37,166,1,-1,-1,-1
494,2,80,41,123,498,1,-1,-1,-1
494,19,930,174,33,172,1,-1,-1,-1
494,30,776,188,49,188,1,-1,-1,-1
494,36,908,168,39,175,1,-1,-1,-1
494,61,263,89,100,449,1,-1,-1,-1
494,72,721,151,70,249,1,-1,-1,-1
494,73,629,196,37,166,1,-1,-1,-1
495,2,99,41,133,498,1,-1,-1,-1
495,19,929,173,33,173,1,-1,-1,-1
495,30,778,193,47,181,1,-1,-1,-1
495,36,908,168,38,176,1,-1,-1,-1
495,61,269,95,99,444,1,-1,-1,-1
495,72,721,152,70,247,1,-1,-1,-1
495,73,633,198,36,164,1,-1,-1,-1
496,2,102,61,136,478,1,-1,-1,-1
496,19,928,173,33,174,1,-1,-1,-1
496,30,778,196,46,177,1,-1,-1,-1
496,36,909,168,38,176,1,-1,-1,-1
496,61,275,93,99,446,1,-1,-1,-1
496,72,724,155,69,242,1,-1,-1,-1
496,73,636,200,35,162,1,-1,-1,-1
497,2,106,83,138,456,1,-1,-1,-1
497,19,926,173,33,174,1,-1,-1,-1
497,30,784,190,46,177,1,-1,-1,-1
497,36,909,167,38,178,1,-1,-1,-1
497,53,713,177,45,206,1,-1,-1,-1
497,61,280,100,97,437,1,-1,-1,-1
497,72,728,152,67,234,1,-1,-1,-1
497,73,640,197,35,164,1,-1,-1,-1
498,2,105,64,149,475,1,-1,-1,-1
498,19,923,174,33,173,1,-1,-1,-1
498,30,784,192,45,173,1,-1,-1,-1
498,36,910,167,38,178,1,-1,-1,-1
498,53,710,181,44,203,1,-1,-1,-1
498,61,284,107,94,421,1,-1,-1,-1
498,72,735,155,66,234,1,-1,-1,-1
498,73,643,193,36,168,1,-1,-1,-1
499,2,104,54,155,485,1,-1,-1,-1
499,19,925,174,33,171,1,-1,-1,-1
499,30,790,189,45,175,1,-1,-1,-1
499,36,910,167,37,173,1,-1,-1,-1
499,53,706,185,43,198,1,-1,-1,-1
499,61,286,98,95,432,1,-1,-1,-1
499,72,740,161,64,231,1,-1,-1,-1
499,73,646,194,36,166,1,-1,-1,-1
500,2,107,60,154,479,1,-1,-1,-1
500,19,929,179,32,167,1,-1,-1,-1
500,30,791,185,46,181,1,-1,-1,-1
500,36,911,166,37,177,1,-1,-1,-1
500,53,705,192,43,191,1,-1,-1,-1
500,61,291,94,95,434,1,-1,-1,-1
500,72,743,161,63,233,1,-1,-1,-1
500,73,648,195,36,165,1,-1,-1,-1
501,2,114,53,155,486,1,-1,-1,-1
501,19,927,176,32,169,1,-1,-1,-1
501,30,793,186,46,179,1,-1,-1,-1
501,36,911,166,36,173,1,-1,-1,-1
501,53,702,187,45,196,1,-1,-1,-1
501,61,297,92,95,437,1,-1,-1,-1
501,72,744,161,63,233,1,-1,-1,-1
501,73,649,193,37,166,1,-1,-1,-1
502,2,130,52,154,487,1,-1,-1,-1
502,19,927,176,32,169,1,-1,-1,-1
502,30,794,187,46,178,1,-1,-1,-1
502,36,911,166,36,173,1,-1,-1,-1
502,53,703,184,47,199,1,-1,-1,-1
502,61,301,87,94,441,1,-1,-1,-1
502,72,749,160,63,234,1,-1,-1,-1
502,73,650,194,38,166,1,-1,-1,-1
503,2,149,50,151,489,1,-1,-1,-1
503,19,927,176,32,168,1,-1,-1,-1
503,30,797,184,45,176,1,-1,-1,-1
503,53,700,178,51,206,1,-1,-1,-1
503,61,304,84,93,438,1,-1,-1,-1
503,72,752,160,63,234,1,-1,-1,-1
503,73,652,194,38,166,1,-1,-1,-1
504,2,172,46,147,493,1,-1,-1,-1
504,19,925,176,32,168,1,-1,-1,-1
504,30,798,185,45,177,1,-1,-1,-1
504,53,693,180,51,201,1,-1,-1,-1
504,58,721,172,52,216,1,-1,-1,-1
504,61,307,81,93,446,1,-1,-1,-1
504,72,755,164,62,229,1,-1,-1,-1
505,2,192,44,142,495,1,-1,-1,-1
505,19,924,176,32,167,1,-1,-1,-1
505,30,799,181,45,180,1,-1,-1,-1
505,53,690,176,53,204,1,-1,-1,-1
505,58,721,170,51,218,1,-1,-1,-1
505,61,310,79,93,450,1,-1,-1,-1
505,72,756,162,62,230,1,-1,-1,-1
506,2,202,44,137,495,1,-1,-1,-1
506,19,922,176,33,167,1,-1,-1,-1
506,30,801,180,44,180,1,-1,-1,-1
506,36,932,184,31,158,1,-1,-1,-1
506,53,693,172,56,210,1,-1,-1,-1
506,58,720,170,51,219,1,-1,-1,-1
506,61,315,78,92,453,1,-1,-1,-1
506,72,759,161,62,230,1,-1,-1,-1
507,2,214,30,137,509,1,-1,-1,-1
507,19,922,177,33,165,1,-1,-1,-1
507,30,802,180,44,179,1,-1,-1,-1
507,36,935,185,29,156,1,-1,-1,-1
507,53,700,174,55,206,1,-1,-1,-1
507,58,688,176,49,205,1,-1,-1,-1
507,61,322,78,90,446,1,-1,-1,-1
507,72,764,155,63,237,1,-1,-1,-1
508,2,225,42,135,497,1,-1,-1,-1
508,19,920,176,35,167,1,-1,-1,-1
508,36,937,187,29,154,1,-1,-1,-1
508,53,703,176,55,203,1,-1,-1,-1
508,58,680,177,49,201,1,-1,-1,-1
508,61,329,85,87,427,1,-1,-1,-1
508,72,768,161,61,227,1,-1,-1,-1
509,2,235,55,134,484,1,-1,-1,-1
509,19,920,177,35,167,1,-1,-1,-1
509,30,810,184,43,177,1,-1,-1,-1
509,53,698,178,57,203,1,-1,-1,-1
509,58,675,184,45,189,1,-1,-1,-1
509,61,335,89,86,416,1,-1,-1,-1
509,72,769,163,59,220,1,-1,-1,-1
510,2,239,63,134,476,1,-1,-1,-1
510,19,920,177,35,166,1,-1,-1,-1
510,30,812,186,42,176,1,-1,-1,-1
510,53,695,179,58,203,1,-1,-1,-1
510,58,672,188,43,185,1,-1,-1,-1
510,61,340,88,88,421,1,-1,-1,-1
510,72,769,170,56,212,1,-1,-1,-1
511,2,240,68,135,471,1,-1,-1,-1
511,19,920,176,36,167,1,-1,-1,-1
511,30,812,186,41,176,1,-1,-1,-1
511,53,692,177,58,203,1,-1,-1,-1
511,58,670,187,43,186,1,-1,-1,-1
511,61,344,88,89,421,1,-1,-1,-1
511,72,770,171,56,210,1,-1,-1,-1
512,2,244,67,137,472,1,-1,-1,-1
512,19,920,172,37,171,1,-1,-1,-1
512,30,814,185,41,176,1,-1,-1,-1
512,53,691,178,58,203,1,-1,-1,-1
512,58,677,181,47,197,1,-1,-1,-1
512,61,349,87,90,426,1,-1,-1,-1
512,72,770,170,55,207,1,-1,-1,-1
513,2,256,53,139,486,1,-1,-1,-1
513,19,920,167,38,177,1,-1,-1,-1
513,30,816,182,42,179,1,-1,-1,-1
513,58,678,181,50,196,1,-1,-1,-1
513,61,352,81,91,437,1,-1,-1,-1
513,72,772,166,55,207,1,-1,-1,-1
514,2,275,64,139,475,1,-1,-1,-1
514,19,920,166,38,178,1,-1,-1,-1
514,30,817,182,42,178,1,-1,-1,-1
514,53,663,186,54,191,1,-1,-1,-1
514,58,680,185,50,194,1,-1,-1,-1
514,61,353,83,91,445,1,-1,-1,-1
514,72,774,166,56,213,1,-1,-1,-1
515,2,289,75,136,464,1,-1,-1,-1
515,30,811,171,45,193,1,-1,-1,-1
515,53,657,188,52,189,1,-1,-1,-1
515,58,683,185,50,194,1,-1,-1,-1
515,61,357,82,92,446,1,-1,-1,-1
515,72,779,169,56,216,1,-1,-1,-1
516,2,300,71,135,468,1,-1,-1,-1
516,19,923,165,38,178,1,-1,-1,-1
516,30,817,179,43,185,1,-1,-1,-1
516,53,653,191,50,186,1,-1,-1,-1
516,58,684,181,50,197,1,-1,-1,-1
516,72,784,173,55,213,1,-1,-1,-1
517,2,313,57,136,482,1,-1,-1,-1
517,19,923,164,38,179,1,-1,-1,-1
517,30,822,183,41,180,1,-1,-1,-1
517,53,652,196,46,176,1,-1,-1,-1
517,58,685,182,49,195,1,-1,-1,-1
517,72,788,175,53,210,1,-1,-1,-1
517,77,0,286,21,101,1,-1,-1,-1
518,2,326,58,132,481,1,-1,-1,-1
518,19,923,160,39,189,1,-1,-1,-1
518,30,823,183,41,180,1,-1,-1,-1
518,53,650,197,44,174,1,-1,-1,-1
518,58,684,183,48,194,1,-1,-1,-1
518,72,790,178,52,209,1,-1,-1,-1
518,77,0,290,21,99,1,-1,-1,-1
519,2,333,52,129,487,1,-1,-1,-1
519,19,923,158,39,191,1,-1,-1,-1
519,53,649,198,43,173,1,-1,-1,-1
519,58,685,187,46,188,1,-1,-1,-1
519,72,795,177,51,206,1,-1,-1,-1
519,77,0,292,20,97,1,-1,-1,-1
520,2,343,49,128,490,1,-1,-1,-1
520,19,920,160,43,213,1,-1,-1,-1
520,53,647,197,43,175,1,-1,-1,-1
520,58,685,187,46,187,1,-1,-1,-1
520,72,798,170,53,213,1,-1,-1,-1
520,77,0,295,20,95,1,-1,-1,-1
521,2,349,59,126,480,1,-1,-1,-1
521,19,919,161,44,227,1,-1,-1,-1
521,53,645,195,43,178,1,-1,-1,-1
521,58,683,192,47,183,1,-1,-1,-1
521,72,800,165,54,218,1,-1,-1,-1
522,2,354,62,127,477,1,-1,-1,-1
522,19,917,158,46,239,1,-1,-1,-1
522,53,644,192,44,181,1,-1,-1,-1
522,58,675,191,46,183,1,-1,-1,-1
522,72,802,160,55,218,1,-1,-1,-1
523,2,352,65,128,474,1,-1,-1,-1
523,19,916,154,47,246,1,-1,-1,-1
523,53,642,190,44,184,1,-1,-1,-1
523,58,671,192,46,182,1,-1,-1,-1
523,72,804,158,55,220,1,-1,-1,-1
524,2,351,62,131,477,1,-1,-1,-1
524,19,916,154,46,248,1,-1,-1,-1
524,53,648,187,46,186,1,-1,-1,-1
524,58,669,193,45,180,1,-1,-1,-1
524,72,804,153,56,224,1,-1,-1,-1
